,0
0,4.1879987155990506e-07
1,-4.5286040473158096e-08
2,-2.5957752503025233e-08
3,1.7366363623816383e-06
4,-4.0668377487840246e-07
5,-5.816844953487887e-07
6,-9.682589919846052e-07
7,-4.314030466190388e-09
8,0.19193917204819366
9,3.174150328133507e-07
10,0.02487889040123281
11,3.116239080114269e-07
12,6.998542575464839e-07
13,2.0309720438760337e-07
14,1.2057630777162487e-06
15,3.876276561953773e-07
16,4.549552135024726e-08
17,3.674779864848432e-07
18,-1.3750193983419479e-08
19,-1.3661992970259718e-07
20,7.989796203533572e-07
21,-6.89095920619609e-05
22,-9.14459665768419e-08
23,-2.97825718464928e-06
24,-0.11479390594659211
25,-8.122666907972587e-07
26,-5.9771289909749115e-06
27,-1.9314038535167555e-07
28,-2.9241166454863077e-07
29,-1.775756643951354e-07
30,-8.637215542783849e-08
31,8.630261749686952e-07
32,-8.289105080105941e-08
33,7.408966479216517e-07
34,3.308174212901527e-06
35,-0.0003400680239727949
36,-2.4962312373810747e-06
37,-1.30645309681654e-07
38,1.6758078402734355e-07
39,-1.6767997317312933e-06
40,-2.982778769533567e-07
41,3.656890849024208e-07
42,3.1462599053844187e-06
43,8.730025800041119e-07
44,7.750716890519982e-08
45,-5.7722897905954085e-08
46,-3.601580020662354e-06
47,8.029346094673429e-07
48,-4.542701354193213e-06
49,-3.4481631883132025e-07
50,-3.094526177527257e-07
51,1.8242015110692122e-06
52,-2.349366294507327e-06
53,2.7986126904799846e-07
54,-1.7394400586567826e-08
55,-1.367747025637911e-07
56,1.1052598664074154e-06
57,1.2666583507625617e-06
58,3.4431326082495772e-06
59,6.542912600604467e-08
60,2.145519659713102e-07
61,1.5215355279041276e-06
62,-1.3463968051574682e-08
63,-1.1013437728468745e-07
64,-7.594156019807841e-06
65,-6.517784685300398e-07
66,-8.925873806742146e-07
67,-3.3401220633777484e-07
68,-7.919256586053081e-07
69,-7.78351136321298e-07
70,-7.557012464687318e-07
71,-4.2449185055914995e-06
72,9.03373607363811e-07
73,0.009968798239404664
74,-6.905381970678803e-07
75,-6.065087334583552e-07
76,-0.0004313616290930744
77,1.4182675003304723e-06
78,-1.0630487482510276e-06
79,5.282003279205583e-09
80,1.2768963842946235e-06
81,-3.665298456967392e-07
82,-2.2029618973462561e-07
83,4.552251631206872e-08
84,6.861528438761866e-07
85,-7.994219676232817e-07
86,5.976636523463696e-07
87,9.309872390783624e-07
88,1.8810872918217925e-06
89,3.640637997737173e-07
90,-8.045580356386139e-07
91,-7.666121004668014e-08
92,-2.2099253293994536e-07
93,3.6474617703952106e-07
94,8.046347483858796e-07
95,-1.4159059980034527e-07
96,-1.3263643352523502e-06
97,8.739071776231455e-07
98,4.112405719292056e-07
99,2.9808214618842754e-07
100,-3.2582064812824996e-07
101,1.6915728519029116e-06
102,3.8955542924767883e-07
103,-6.183583584062902e-07
104,7.42400692255174e-07
105,-6.053586777410302e-07
106,5.729730151449175e-07
107,-1.3954656219450357e-07
108,-9.131933431660855e-09
109,5.28505946784108e-08
110,1.1713002121549465e-06
111,-1.632289760244987e-06
112,6.142269215470009e-08
113,-2.4854850400046757e-08
114,2.244576566834411e-07
115,6.092520629108478e-07
116,5.446986356405503e-07
117,-1.4104075268805971e-06
118,-1.747642064398036e-08
119,3.371914165661849e-07
120,-1.9816826046792357e-07
121,1.8282839697736364e-07
122,-2.301553301276016e-07
123,3.553333915995438e-08
124,8.757404134085434e-07
125,-6.416668190123431e-07
126,-1.5629982663689646e-07
127,6.700756525201967e-07
128,-2.50396239731554e-06
129,2.152503126851002e-06
130,1.0208380125664718e-06
131,-6.558947285295602e-08
132,2.5761985741334925e-06
133,7.403994702892547e-07
134,-1.618104039646795e-07
135,-4.3070489919028176e-07
136,6.588818676211972e-07
137,4.001843497691837e-07
138,6.72109735977422e-07
139,1.721388490971698e-06
140,8.624988412364587e-08
141,-1.524185502255193e-07
142,-2.5729441155419863e-06
143,-3.11007599895774e-07
144,-6.623775273828514e-07
145,-1.8781540656043205e-07
146,9.87590546452921e-07
147,-9.691074805973088e-07
148,3.7658840135179616e-07
149,6.178308487037043e-08
150,2.1239017820251505e-05
151,-7.548792035905194e-09
152,6.830440369975932e-07
153,5.701167143934427e-07
154,6.894514534838692e-07
155,-1.219883210779038e-06
156,-1.6035384030610444e-06
157,-2.4563469613880784e-07
158,-2.2938348509526918e-07
159,4.503176989079094e-07
160,2.185436843715749e-07
161,2.1210871681276444e-07
162,-1.6631440635794803e-07
163,1.9928600526353257e-05
164,2.980982360956119e-08
165,-2.4210848326156054e-07
166,1.8690876537608148e-06
167,8.800729992541889e-07
168,1.4689337834994376e-07
169,1.4214030401582534e-06
170,-4.987837239900372e-07
171,-1.6000991056586145e-06
172,-9.790202437631734e-08
173,9.208661388981909e-08
174,-2.5214567489939554e-05
175,-6.883973556748302e-07
176,1.1062072835521519e-07
177,-8.032992271367334e-09
178,1.8961745840151423e-08
179,-2.689415573464693e-06
180,-1.0918145276761493e-07
181,-1.0788883488821455e-06
182,1.0109859209794791e-06
183,4.3730298127098166e-07
184,-3.9309840005330443e-07
185,-3.4491056499774686e-07
186,-1.707793978122929e-06
187,-2.4407620462518764e-06
188,5.335017392305019e-07
189,1.6039818916402382e-06
190,1.6742147712633937e-07
191,3.0470443379559953e-07
192,-8.327060951884846e-08
193,2.5368386413759936e-07
194,3.8577001038042624e-08
195,-1.2002173632730262e-07
196,9.68702984938119e-07
197,1.6600062691107809e-07
198,8.901541038719429e-07
199,3.6051040763762643e-07
200,-5.945052748979052e-07
201,-5.661066766471379e-07
202,4.937721609366008e-08
203,2.7297242932711185e-07
204,-2.3716253250150032e-07
205,-9.75998824648272e-07
206,-1.1848770964384414e-08
207,3.3442996622001786e-06
208,6.539788544035474e-08
209,-2.182742146084049e-05
210,-2.6228448779530567e-07
211,6.676551045359247e-08
212,1.2684493722048273e-07
213,6.733458068897136e-08
214,-1.8371642276360234e-06
215,-1.0048574359267093e-06
216,9.232476884113439e-07
217,-3.1591550505583044e-06
218,-7.844862770500782e-08
219,-1.6284483628226099e-07
220,2.7686543857541324e-07
221,8.599457087532514e-07
222,-2.220022641719055e-06
223,-2.8334727952827876e-06
224,7.978695938382074e-07
225,4.2182426629455705e-07
226,3.7703307220748883e-07
227,-7.772088688617895e-05
228,-7.030887548831188e-07
229,1.0896129991611048e-06
230,-9.295760345917614e-07
231,-8.772826887160079e-08
232,3.325779193152911e-07
233,-5.3163700552971704e-08
234,-7.45357643494593e-07
235,2.489873073274751e-07
236,-3.3443826830126255e-07
237,1.0605537692498501e-07
238,-3.010343084808298e-07
239,2.313849358781539e-07
240,-3.821916642055001e-07
241,2.2880215400089554e-07
242,3.5462736913682846e-07
243,-4.6584053092768585e-07
244,-5.151642452627669e-07
245,-4.502702479758369e-07
246,1.8007619830839872e-06
247,1.0269269514751045e-06
248,3.1149855028722584e-08
249,-6.10175888149378e-07
250,-6.715832504555763e-07
251,1.2629652990092666e-07
252,1.9466625122976922e-07
253,5.159197279391847e-07
254,1.0698303376521778e-07
255,-6.053268409855761e-07
256,-1.0639806505841065e-06
257,7.634014096424835e-07
258,-5.970327339177572e-07
259,1.549220159935416e-07
260,6.256997387987795e-07
261,3.694629034933783e-07
262,-8.544429673795761e-07
263,-7.873051433016087e-07
264,-8.04008850940896e-07
265,9.830824565515428e-07
266,2.2425929202540829e-07
267,-6.460374766592558e-06
268,7.747440523564464e-07
269,-8.110758265011953e-08
270,-5.138511413038671e-07
271,-2.226032203012096e-06
272,0.0004605627440944504
273,-8.747859500113364e-07
274,2.457399006505767e-08
275,3.3149155986844647e-07
276,2.907312620648028e-07
277,7.43007473325008e-08
278,1.1048804193780626e-07
279,8.846281884800078e-07
280,2.5619933063936173e-07
281,4.436067114754749e-07
282,-3.394710302639936e-06
283,-2.0150010160424614e-07
284,-5.365630428855184e-08
285,-1.3422066773016716e-05
286,-9.658786369604044e-07
287,1.8166234372340995e-07
288,2.1972934411973455e-06
289,1.0556064444777746e-07
290,-2.6045763712456704e-07
291,-1.554648912605039e-06
292,-8.263673391017967e-06
293,-5.96637289462798e-07
294,4.82399804124789e-06
295,-5.0889861435976513e-08
296,-2.2285108088881955e-06
297,1.523980450723883e-07
298,-9.414575252719715e-08
299,2.0613761175791723e-07
300,-5.08919154706966e-07
301,-8.291548957428674e-07
302,1.3728012180358462e-06
303,5.3562778272064904e-05
304,-1.9759937019969698e-08
305,7.985491830009295e-07
306,1.4374630781244235e-06
307,4.5003302673318757e-07
308,-2.5040945921261937e-06
309,-1.134164345106825e-06
310,-4.5593913555741494e-07
311,8.08605321034328e-07
312,1.319739520333485e-06
313,2.7157302850966403e-08
314,-4.5241089331460316e-06
315,-4.5137797211047825e-07
316,4.426009518887497e-07
317,2.0790714426954793e-05
318,1.485228114939119e-07
319,-7.986332676290786e-07
320,-4.2086743456959397e-07
321,-3.203467687784567e-07
322,-3.99113804105955e-06
323,-6.017928863011335e-07
324,-1.6162909384220825e-06
325,1.0762537637765135e-06
326,-2.4596519898612e-07
327,-1.6269908922339482e-06
328,7.073723407025057e-08
329,1.5729866975622286e-07
330,-3.5008186205498504e-07
331,-4.042823683603203e-07
332,-8.473572754574832e-08
333,-1.4932371672493616e-08
334,3.861695322404657e-07
335,1.6780930913729009e-06
336,7.007398787672869e-06
337,-1.4586782589587344e-06
338,6.623180915932281e-07
339,-6.043878005845826e-07
340,-2.0828782143489377e-08
341,1.6271247782473353e-07
342,-3.1380346177112273e-07
343,-9.306932977626303e-07
344,-7.127241675397578e-06
345,-1.890049374786429e-07
346,1.0002588899382658e-06
347,8.426900013347449e-07
348,1.1200762490837235e-06
349,-1.947182154737881e-06
350,7.131728960052541e-06
351,4.0315833349513497e-07
352,-2.2673298216702165e-07
353,-2.613206874224616e-07
354,-1.0492440847387208e-05
355,-7.26190000777116e-06
356,1.2283338054475124e-06
357,7.51451787794899e-07
358,-1.8093986620115743e-07
359,3.307012230724382e-08
360,5.349580127766984e-07
361,-3.0686177543426396e-07
362,2.663136401959143e-06
363,-2.3738177234999824e-07
364,2.7393917123585965e-07
365,4.82733336415464e-07
366,8.408316352070955e-07
367,-7.116510987170699e-07
368,0.00010517610091964613
369,1.4135136736648235e-06
370,-2.382822961166653e-07
371,1.0613223929700766e-06
372,4.2517226273020015e-07
373,-1.660260688929327e-07
374,-6.85803943412111e-07
375,1.5040626392126555e-06
376,-6.638674940884215e-07
377,8.959876539593736e-07
378,5.732818011416896e-07
379,8.421708603822964e-07
380,-6.646379770991473e-07
381,-4.900609094082853e-07
382,2.695622998150071e-07
383,-0.020191809324845877
384,-5.371031553957906e-07
385,1.259850532786544e-07
386,8.797522682568726e-07
387,-1.1162052866442451e-06
388,-4.64606432881709e-07
389,-2.4127984309396666e-06
390,-1.5896869733911245e-06
391,-2.074965259390993e-06
392,4.290422772612601e-08
393,-5.744297989496161e-07
394,2.25162401612522e-07
395,2.064616968611155e-06
396,7.935923199697825e-07
397,-0.31307606057284487
398,4.183554209724605e-07
399,-6.419440470306625e-07
400,5.927152250118084e-07
401,-0.00022416965520144494
402,-7.692718506646656e-08
403,7.948808823377007e-07
404,9.717014485266517e-07
405,-9.787926913418232e-08
406,-0.00779409775680584
407,2.5153348837125833e-07
408,4.327314818697303e-07
409,1.7506902371122735e-06
410,-4.340269228464422e-07
411,5.374097888921625e-08
412,-3.225127304107289e-07
413,-1.321289907485479e-07
414,5.078014594372959e-07
415,-1.126104966386876e-06
416,-2.2284340817080306e-07
417,-5.5706363411012205e-08
418,6.585382916757254e-07
419,3.2502018419977574e-06
420,-1.5817357346126215e-07
421,1.5328966396221944e-07
422,-5.712913638822315e-07
423,1.1435157121209016e-07
424,1.5981384526853049e-07
425,9.796767657110905e-07
426,1.656067715216647e-05
427,-3.490456552679433e-07
428,-1.1982492098550068e-07
429,4.892641821685473e-07
430,-3.2895902735141647e-07
431,3.729524616913338e-07
432,7.430882292713825e-06
433,-2.8334099944071767e-07
434,2.3679723393232877e-07
435,-3.416596291438978e-07
436,-6.707553658058529e-07
437,2.1246043668821102e-07
438,-6.873316104050176e-07
439,4.6205663517540074e-08
440,1.429696842136785e-06
441,6.956903453314567e-08
442,3.8501958943282233e-07
443,5.802457238024417e-07
444,-2.2590914605657986e-07
445,2.102742149290293e-07
446,0.0006808441704427848
447,9.710738887447334e-07
448,-0.05605306356689388
449,-7.683497345034596e-07
450,-4.2256338028678897e-07
451,2.3980451413496695e-07
452,-4.304685122802354e-07
453,3.430486805733324e-07
454,-6.639294009014307e-07
455,4.937472619648275e-07
456,-1.4814194759793509e-07
457,-2.174702041779497e-07
458,-2.317912677352041e-07
459,-6.815910962298943e-07
460,-2.632528092183506e-07
461,3.859111502579893e-07
462,-5.007027098491434e-07
463,-6.728791279608792e-06
464,-1.2914431257726733e-07
465,-3.741267839973972e-08
466,5.481572327159512e-07
467,9.212739818797999e-07
468,3.810417283922618e-07
469,1.5144942838718478e-06
470,-1.2168268992418518e-07
471,-1.0687175363566226e-06
472,-4.5158960126912007e-08
473,2.120824982820846e-05
474,-3.598815156991009e-08
475,-1.835618664625116e-06
476,-7.369358017150773e-07
477,0.002247984863373298
478,-8.763426005975461e-07
479,3.355265606463931e-07
480,-4.4504376184306693e-07
481,-4.0441621051989785e-08
482,1.3065714052906685e-06
483,-9.604990851563855e-07
484,-1.232573329512654e-06
485,-1.6888634133405134e-06
486,-1.4695758430161021e-06
487,2.659359632251057e-05
488,7.436194779941729e-07
489,-3.62729378200477e-07
490,2.2429998980388888e-07
491,1.6933900504056965e-07
492,1.2868501487739437e-06
493,2.947375521422657e-07
494,-1.3798848460533364e-06
495,0.014629024343546071
496,-4.246914113714695e-07
497,-1.0945502881831715e-07
498,1.1040658548511217e-06
499,-6.836918131636338e-08
500,8.0959878800968e-09
501,-2.2032003841321313e-06
502,3.6510751899587746e-07
503,-1.8819318270413277e-07
504,5.169571503094161e-07
505,8.757631555500467e-07
506,-1.0821382536718716e-06
507,4.7024152216579296e-07
508,1.2333927656982269e-08
509,1.5213450033080278e-07
510,6.21472794337663e-07
511,-6.843997250927103e-06
512,-4.4109237284928327e-07
513,-0.1892908214510476
514,1.3883591755137203e-05
515,5.447321108631442e-07
516,3.345152671530016e-07
517,-5.594548491139051e-09
518,-9.922694443886826e-09
519,3.6204453923716073e-07
520,-9.319458260659275e-08
521,6.872591074014167e-08
522,-2.053045220495875e-07
523,2.459588901437826e-07
524,5.7245542861572574e-08
525,5.47755155122509e-07
526,-1.586431092703844e-05
527,2.606026874296674e-07
528,-2.870066342364197e-07
529,3.612106879158361e-07
530,5.993351059885299e-08
531,2.0844781623008402e-07
532,-6.282537919899411e-07
533,-3.6927158353350364e-07
534,5.062869862237918e-07
535,3.632223981586691e-07
536,-2.462204110931232e-06
537,-1.3761222563690723e-06
538,4.069566441611272e-07
539,2.56208656290724e-07
540,9.667578878713723e-05
541,-2.0767172670410616e-07
542,-1.0252229920570954e-07
543,-6.926458455680518e-07
544,1.085461715510938e-06
545,-5.993363877410118e-07
546,1.2148757950747324e-06
547,-6.558003772250132e-07
548,2.469863754628321e-07
549,1.8303284821108434e-07
550,-2.528838386472998e-07
551,-1.5337050461861068e-06
552,9.208242102154429e-07
553,-1.0013747331338863e-07
554,-4.213058245605694e-07
555,3.1098259911654935e-07
556,6.334033614940893e-06
557,-4.5686463523431087e-07
558,0.3704231140877522
559,5.419137885098735e-07
560,9.779078125049523e-08
561,7.510412016742407e-07
562,-1.3034603096873099e-07
563,2.92035976956484e-07
564,-1.0818261952927344e-08
565,8.759058771623529e-07
566,-6.079799331537572e-06
567,-3.6303802630754944e-07
568,0.00017577254725398284
569,6.018824735276596e-07
570,3.2882074740836487e-07
571,-6.227922590973378e-07
572,-1.0162462161900088e-05
573,1.752457160941745e-06
574,-4.117037870621232e-07
575,0.00018368025882098404
576,-9.706499226602716e-08
577,-6.180796630061991e-07
578,-8.054450693073534e-07
579,1.7678118932051845e-06
580,-7.464312782312632e-07
581,4.7351769383308095e-07
582,2.528459546180528e-07
583,-7.83864499975806e-08
584,3.950134784824755e-07
585,6.925288077441749e-07
586,2.3464690301899793e-08
587,6.729447665776433e-07
588,-7.95089989957809e-07
589,-3.939376137296335e-06
590,-1.5509898954046974e-07
591,1.7233251237147584e-07
592,1.3081538829951e-07
593,-9.340796491841274e-08
594,-2.342330895910294e-08
595,3.693826705619685e-07
596,2.751689587299211e-08
597,-7.861918061013995e-08
598,-9.053062933750411e-07
599,6.91593806667612e-08
600,-1.0945054100819362e-06
601,-2.6044407552827664e-07
602,1.0811053072767862e-06
603,-1.8025941623811548e-06
604,-1.65604601809477e-07
605,-1.2979502583831959e-08
606,3.6627930710686485e-07
607,0.00015803802762059949
608,3.827518126886531e-07
609,2.9899195563842795e-08
610,5.302965656595049e-07
611,4.048970217995773e-07
612,0.006601018036639594
613,6.356370185756077e-08
614,-3.599040062640668e-07
615,1.9059375078178675e-07
616,-3.679814231105638e-08
617,-4.0357797881362956e-08
618,9.850554925083799e-07
619,-2.9535464940444456e-07
620,2.5052873120490204e-07
621,-7.342505949914369e-07
622,7.166744028230809e-07
623,-5.169324702736233e-07
624,6.324763712761694e-08
625,-1.7538811480921623e-07
626,5.119968023548083e-06
627,6.522843245537757e-07
628,-3.3711330882368884e-07
629,4.3584025044562935e-07
630,0.00048283431024420675
631,3.4783338365151906e-07
632,-1.7152361264649585e-07
633,-1.0142806883273181e-07
634,1.4264789234164077e-05
635,-8.985197805788658e-07
636,-1.1348919415343772e-07
637,2.7973293508898323e-05
638,3.96562250037924e-07
639,-4.068934839063232e-07
640,-1.8862161488275575e-07
641,4.157138522309367e-08
642,2.10143491052861e-07
643,-9.400246622215391e-07
644,-0.0005553434505585209
645,9.905802204057679e-07
646,-5.1130614520111806e-08
647,-3.75496090554428e-07
648,5.156245319604125e-09
649,-2.001416686825408e-07
650,5.111129264268044e-07
651,2.358668362401062e-06
652,1.0630408926459722e-06
653,-8.895964109800758e-08
654,1.5255009632175742e-06
655,2.6405965070086523e-07
656,-1.513280668552497e-07
657,2.9626913822244916e-07
658,-3.1161821512082355e-07
659,-7.181290481161895e-07
660,-1.4502404488414555e-07
661,-4.693679462097755e-06
662,-2.6330441528221726e-06
663,1.8045446763537143e-06
664,1.956309817474633e-07
665,6.214901446810472e-07
666,2.385954556149983e-07
667,1.0586988674621267e-06
668,-1.2568425127312821e-06
669,1.8154069714171328e-07
670,-8.09017123848399e-07
671,-7.944436056783744e-07
672,-2.1266785421580892e-07
673,-3.895217981497723e-08
674,-4.113242966674591e-06
675,4.834077500515122e-07
676,5.3155914858660225e-06
677,-2.1831348195888722e-07
678,1.0509216008536271e-07
679,-3.953665805855877e-08
680,2.6863964608381252e-08
681,-8.649751181977194e-08
682,-8.290520253639855e-07
683,-1.1167850462179274e-06
684,-1.0027333477991007e-06
685,5.768565003450021e-07
686,-1.7982079802969508e-07
687,4.7156288407457225e-07
688,-1.5365165768610467e-06
689,3.9665321993620495e-07
690,1.467844766178672e-06
691,-2.1412209921800596e-06
692,2.3551767502905108e-07
693,-3.314426121336922e-07
694,-1.2077120926656804e-06
695,1.6278287723325846e-06
696,6.144874591385019e-07
697,0.0037812805624957146
698,-1.3143718360364431e-06
699,1.9290761499313192e-07
700,-1.052174170568243e-06
701,-2.238807957133382e-06
702,1.5139285336474018e-07
703,-1.191440942571731e-07
704,1.5557864074811079e-07
705,-9.315465326897865e-07
706,1.0187389718474549e-06
707,-3.4139483873207865e-07
708,3.653582515417142e-07
709,-7.667880386197368e-08
710,1.2467652416026098e-06
711,-1.6395012881753601e-06
712,-7.487983289977684e-06
713,3.1892958085588674e-07
714,6.063253863430873e-07
715,3.630916165509035e-07
716,4.78463743625035e-07
717,7.810610818115293e-07
718,1.6288599996583386e-06
719,1.1187318107452882e-06
720,-1.4772977450228097e-06
721,-0.0008747737477569073
722,-5.215655252133189e-07
723,-6.48603231456768e-07
724,-7.662466328339779e-05
725,-1.446731464627149e-07
726,4.771935576686204e-07
727,5.297904516199381e-07
728,6.119470762344648e-07
729,-0.0009161045132699552
730,-8.310044715686971e-07
731,5.346353091351119e-07
732,-1.9854302391042467e-07
733,-9.42353441502064e-07
734,-2.2854543735295607e-07
735,-1.0860594124029177e-07
736,3.2126873050764004e-08
737,5.279172603511739e-07
738,-4.031278211247269e-07
739,-4.310225237613707e-06
740,-3.780128203789701e-07
741,-6.131778114149e-07
742,-1.5486493639693677e-06
743,-8.328400455948071e-07
744,-2.6673778222852107e-06
745,-7.404598281190999e-07
746,-3.896892352139858e-07
747,1.2640604779567965e-06
748,6.893211247360753e-07
749,1.816193173631575e-07
750,-2.1757305290748263e-07
751,2.762553668045342e-07
752,-4.879252057943262e-07
753,1.7707862753901793e-07
754,2.8246099492701404e-07
755,-3.321829750158045e-07
756,1.7625995107906078e-09
757,7.133454086316604e-07
758,0.0003492698702476371
759,2.3360790946114207e-07
760,-5.836865114572376e-07
761,-3.724138952776457e-08
762,-2.4911378171399434e-07
763,6.345477207014838e-07
764,0.0028707484037863162
765,-3.3452401915212704e-07
766,-6.233074869577138e-07
767,-3.937002781562171e-07
768,-0.010642044958608321
769,4.5970130480021965e-07
770,-3.4918419922203014e-07
771,-1.4179095177979661e-06
772,1.391074882506338e-06
773,-6.446764491130352e-07
774,-0.004468248121474283
775,-1.2936234305982452e-07
776,-6.293746551477852e-06
777,-1.8412157487768255e-05
778,5.692470672613581e-08
779,6.015647243673428e-07
780,2.937468951413891e-07
781,-2.8216611001052883e-05
782,2.8605974078388385e-07
783,-1.2020111451738202e-06
784,3.0169359144238683e-07
785,1.3242365241028509e-06
786,-4.874851069480712e-07
787,-2.3954067285281155e-07
788,-6.6710547227399886e-06
789,-2.028997290093315e-05
790,6.767444834521186e-07
791,-3.933168855052571e-07
792,-3.8482875130974037e-07
793,4.873757645240673e-07
794,-2.1040440669084504e-05
795,-5.287109361429287e-07
796,5.280456250034149e-08
797,2.1468669446633726e-06
798,1.4653518864982118e-07
799,-1.3472228613808923e-06
800,-5.533370515120595e-07
801,-3.857474111246262e-07
802,-1.877877847000775e-06
803,-5.86717457284891e-07
804,4.6558999455825756e-07
805,-1.3604088100471756e-07
806,2.644186246625324e-07
807,-2.253988272693519e-07
808,-5.6188368402487754e-08
809,-2.7569470040234023e-07
810,8.30376937210886e-08
811,-9.715376814156684e-08
812,-2.1362469948438267e-05
813,5.997826725279154e-07
814,-3.314947639609933e-06
815,-4.115625615752627e-06
816,-6.681073908554325e-07
817,1.1525830623249078e-07
818,5.80542003025819e-07
819,-5.525200751366199e-07
820,3.8643289512751977e-07
821,-5.782740943871545e-06
822,-1.375849371099136e-07
823,4.781100526596305e-08
824,2.1362044511086253e-07
825,-2.2498782659141625e-07
826,-8.810737754938458e-07
827,2.301644067115305e-06
828,-4.751953595061309e-07
829,1.2078868267817455e-06
830,4.483085804807274e-07
831,-2.548411908165349e-07
832,-1.8372107593034315e-06
833,4.503118421483876e-07
834,-2.8357136450107845e-07
835,-1.4758120076008296e-06
836,-4.723133641970634e-07
837,-1.2428237341488568e-06
838,-8.915206473059101e-08
839,2.1095313651464664e-07
840,3.7178920445413155e-05
841,-8.193035798687021e-07
842,0.3359625490665721
843,2.768588145407591e-07
844,-3.831251337182984e-06
845,-8.931584268845327e-07
846,-3.481115450343353e-07
847,-2.925662299535503e-06
848,-1.1224608128967972e-05
849,-1.2395214138316568e-05
850,1.3413256422234454e-06
851,-4.539563341898756e-07
852,-1.3819170658901925e-06
853,3.506966019806157e-07
854,1.267007492256056e-07
855,6.02322674958522e-07
856,-8.014065112948998e-05
857,3.2577307851333615e-07
858,-6.6657016573046235e-09
859,4.8928141671567e-07
860,7.277706823849428e-07
861,-8.593591012129309e-07
862,9.295556135935357e-08
863,1.0792036497786484e-06
864,1.3091288775246568e-07
865,-4.935267162720081e-07
866,-3.048692411855569e-07
867,3.02474433055977e-07
868,3.441067081277893e-07
869,-1.261379586336986e-07
870,-6.774902242301373e-05
871,9.042833365446867e-07
872,-7.209722322487622e-07
873,-6.210869538669783e-07
874,3.900581024840477e-08
875,2.4844063273299355e-07
876,-1.2831030817839206e-06
877,-4.0406208712262526e-08
878,-1.258235036272204e-06
879,7.58050929250409e-07
880,-2.7731551610621352e-08
881,2.0635483533038013e-07
882,-4.941474402997414e-07
883,8.160990764283227e-07
884,4.744363920283767e-06
885,-3.6662127369524455e-06
886,-1.9296916164979194e-06
887,-2.315945262232333e-07
888,8.180409477587247e-07
889,-1.06769715257915e-06
890,3.887916133482605e-08
891,3.451665577802743e-07
892,1.0064198954218284e-06
893,5.4303095908814214e-08
894,-0.0002628706179573781
895,-8.380926419526702e-08
896,1.525110642219829e-07
897,-1.534424055593675e-07
898,4.3181048414719925e-07
899,-6.954846996087838e-07
900,7.931736592192706e-06
901,-9.043980825351738e-07
902,3.959793524188626e-07
903,-5.231937564409428e-06
904,-2.11109822290112e-07
905,-7.78141775903407e-07
906,-6.731071681143064e-07
907,-2.522340017963032e-07
908,-5.473747858308897e-07
909,-4.2991585036400437e-07
910,-1.2112598035685096e-08
911,-6.934892795573688e-07
912,0.00018558063409157555
913,9.112856946824621e-08
914,-4.5474503462816784e-07
915,-3.9149344621680626e-07
916,-5.080820961733679e-07
917,-1.985335043031e-06
918,-4.4498559370609314e-07
919,5.807987120132196e-07
920,-2.3649505664913306e-07
921,2.2204805472103573e-07
922,4.1462806521508355e-07
923,-8.789102063921916e-07
924,9.4300538211467e-07
925,-2.3332430447720043e-06
926,-9.930482365305693e-07
927,1.8622279462920943e-07
928,1.2145499922455727e-06
929,-2.06577236072647e-06
930,7.077971508895331e-07
931,5.378523808552416e-07
932,-7.78810662627194e-08
933,2.416265196814038e-07
934,1.7480863301333471e-07
935,-2.821547880227371e-06
936,6.238711706130218e-07
937,-2.1939668315429373e-07
938,7.98681422986558e-06
939,-5.2548337459157324e-08
940,1.4485569610478422e-07
941,-4.229896242158304e-07
942,2.432647159267276e-07
943,0.14381415027532474
944,3.0841209043286355e-06
945,-5.793616287830261e-07
946,-4.6517639895604646e-07
947,-2.1362729718532592e-07
948,2.5327379882256196e-07
949,-1.8025628656381798e-08
950,-3.8548106529034953e-07
951,-1.9488426472591414e-07
952,-3.882283364786687e-07
953,4.804145424808226e-07
954,-4.924215206703053e-07
955,-1.0462216963214033e-05
956,-1.9584276078621343e-07
957,1.1910463526554338e-07
958,-1.158004761636633e-06
959,-3.1890238083587263e-07
960,-6.262488739805505e-07
961,-1.0604621559773264e-06
962,-4.796367488735243e-07
963,9.451244031843942e-07
964,-0.0018505885334438865
965,9.81254691834188e-07
966,-2.3470672139147553e-06
967,3.012730700469035e-07
968,5.500831664617678e-07
969,-6.834845114322974e-07
970,-1.5610526327147767e-07
971,0.0009833600989019864
972,5.049568541082294e-10
973,1.280710605344737e-07
974,7.334340144105056e-07
975,2.2651243303251078e-07
976,8.001970607240949e-07
977,-1.2107982499953707e-06
978,-2.4037774526419753e-07
979,-1.620609008101681e-07
980,1.9309533683120605e-07
981,3.8966885462787815e-07
982,3.7996453450261924e-07
983,-1.35368791742696e-06
984,1.3017582023433505e-06
985,-6.356545841912364e-07
986,-2.780186422191022e-07
987,-1.3019470846975523e-06
988,1.2089824841243768e-07
989,1.9087680425133868e-07
990,1.7848490789784677e-06
991,4.342886450459105e-08
992,-4.7039488226818804e-07
993,6.618484594822505e-07
994,1.597048131518619e-07
995,-1.7182846286933895e-06
996,-1.8020420425868267e-06
997,-5.982639934343226e-06
998,1.0459625654490878e-06
999,-2.646803817230037e-07
