,treatment_1,treatment_0,difference
0,0.6590404023745773,0.6590707652820904,-3.0362907513126203e-05
1,0.6590461465189769,0.6590462506201016,-1.0410112472047928e-07
2,0.6586852315955283,0.6600205691261651,-0.0013353375306368598
3,0.6590463809395392,0.6590458470538038,5.338857353986981e-07
4,0.6590463087208019,0.6590459916307475,3.1709005443580907e-07
5,0.6590468367532044,0.6590452652478118,1.571505392594652e-06
6,0.6590460915883594,0.6590463403178769,-2.4872951753796e-07
7,0.6590461606617921,0.6590461929552323,-3.2293440144215424e-08
8,0.6590463528378323,0.659045885484944,4.673528882781497e-07
9,0.659046879871792,0.6590451509560815,1.7289157104860564e-06
10,0.6590461950181332,0.6590461316755123,6.334262092622112e-08
11,0.6590459969711376,0.6590464443070574,-4.4733591975099074e-07
12,0.6590456867576395,0.6590469346592975,-1.2479016580080327e-06
13,0.6590448198262234,0.6590477689845561,-2.9491583326546333e-06
14,0.6590460654980481,0.6590463976360348,-3.3213798666942296e-07
15,0.6590472917879738,0.6590446202496388,2.6715383349973365e-06
16,0.6590458705713168,0.6590466623852383,-7.918139215412623e-07
17,0.6590463094055551,0.659046010041171,2.9936438405986365e-07
18,0.6590461144714593,0.6590462535684848,-1.3909702545333857e-07
19,0.6590461342652061,0.6590462675013571,-1.3323615100091502e-07
20,0.659046597648689,0.6590454403351698,1.1573135192399775e-06
21,0.6590456359750658,0.6590474375796439,-1.8016045780777645e-06
22,0.6590438016648132,0.6590479676117559,-4.165946942635834e-06
23,0.6588082818733417,0.6592954345577018,-0.0004871526843600593
24,0.6590461172659884,0.6590462215609912,-1.0429500285624727e-07
25,0.6589666660251164,0.6592536080466164,-0.0002869420214999252
26,0.6590460926307403,0.6590461271366614,-3.450592112042017e-08
27,0.6590460485111209,0.6590463787242741,-3.3021315315462374e-07
28,0.6590461467879,0.6590462095081677,-6.272026775722139e-08
29,0.6590463608824212,0.6590458065684095,5.543140116914813e-07
30,0.6580985148481454,0.6610338739805377,-0.00293535913239229
31,0.5870570620578422,0.8208309925787385,-0.23377393052089623
32,0.6590459676019524,0.6590464772840822,-5.096821297234655e-07
33,0.6590473633573954,0.6590431357192076,4.227638187859206e-06
34,0.6590419171754163,0.6590512963546765,-9.379179260249337e-06
35,0.6591047919788332,0.6589169485944608,0.00018784338437238812
36,0.6590680129223758,0.6589667135488537,0.00010129937352210128
37,0.6590517900762197,0.6590241355113863,2.765456483344586e-05
38,0.659044699736072,0.6590476499125695,-2.9501764974293465e-06
39,0.6590461190652156,0.6590464557493624,-3.3668414678444947e-07
40,0.6590461400014106,0.659046275641765,-1.3564035439284083e-07
41,0.6590433885810897,0.6590492326236698,-5.8440425800831974e-06
42,0.6590460376128622,0.6590463578968597,-3.202839975458005e-07
43,0.6590418980283869,0.659052731331829,-1.0833303442092657e-05
44,0.6590460733676261,0.6590462805862696,-2.072186434665113e-07
45,0.659046220667706,0.6590461284529592,9.221474683851483e-08
46,0.6591595139088651,0.6588092976830322,0.0003502162258328667
47,0.6590462469386098,0.6590459664628502,2.804757596175378e-07
48,0.6590463243772277,0.6590458966510607,4.277261669294319e-07
49,0.6590456980651974,0.659046699748978,-1.0016837805881806e-06
50,0.6590467808073692,0.6590449851420158,1.7956653534101363e-06
51,0.6590461842567648,0.6590461198234315,6.443333322447842e-08
52,0.6590461860156727,0.6590461573613545,2.8654318140475254e-08
53,0.6590463006613644,0.6590460039415518,2.967198126091475e-07
54,0.65904636222245,0.6590458399544206,5.222680294902915e-07
55,0.6590455526882378,0.6590468546555829,-1.3019673450465064e-06
56,0.6590688623454858,0.659019752186052,4.9110159433762846e-05
57,0.6590463304558706,0.6590459269233165,4.03532554038577e-07
58,0.6590462373207636,0.6590461083751445,1.2894561907117463e-07
59,0.6590461361623652,0.659046400672128,-2.645097628706239e-07
60,0.6590461745158298,0.6590461913029628,-1.6787133017004408e-08
61,0.6590465716845796,0.6590453678671784,1.203817401207452e-06
62,0.6590460960605642,0.6590463876655304,-2.91604966173864e-07
63,0.6590435854714749,0.6590500483591923,-6.462887717439969e-06
64,0.6590438450559717,0.6590493307294374,-5.485673465699392e-06
65,0.6590463496197861,0.6590458973203501,4.5229943601565736e-07
66,0.6590419973427829,0.6590524307210517,-1.0433378268781546e-05
67,0.6590475142864431,0.6590451083543372,2.405932105986608e-06
68,0.659046389909209,0.6590457663028092,6.236063998521502e-07
69,0.6590460152884916,0.6590463868573132,-3.7156882159994353e-07
70,0.6590458671879965,0.6590465602974431,-6.931094466144927e-07
71,0.6590462834668426,0.6590456451280197,6.383388229114217e-07
72,0.6590466524342975,0.6590451998602248,1.4525740726911707e-06
73,0.6590462556577832,0.6590459953713523,2.602864308531849e-07
74,0.6590464501851376,0.6590457834312421,6.667538955396068e-07
75,0.6590462275563179,0.6590460075438932,2.200124247231372e-07
76,0.6590422923151964,0.6590542600990744,-1.1967783878019667e-05
77,0.6590462548489608,0.6590461389438256,1.1590513526726909e-07
78,0.6590461243885906,0.6590462834180346,-1.5902944405787878e-07
79,0.6590461950364898,0.6590460693340217,1.2570246810117425e-07
80,0.6588102643918922,0.6592826221238917,-0.0004723577319994954
81,0.6590467677671313,0.6590446328982003,2.1348689310807245e-06
82,0.6590465838434821,0.6590453803202408,1.2035232412888064e-06
83,0.6592799260107213,0.6584697065661265,0.0008102194445948063
84,0.6590460063510837,0.659046329384939,-3.2303385533172246e-07
85,0.6590460149767814,0.6590465146894355,-4.997126541450569e-07
86,0.7566957817570698,0.4314143223381322,0.32528145941893755
87,0.6590467299374447,0.6590450544692255,1.6754682192754444e-06
88,0.6671489481934914,0.648043297710267,0.019105650483224323
89,0.6590461720843822,0.659046108279719,6.380466321953548e-08
90,0.6590461749844342,0.6590461770049778,-2.0205436213061034e-09
91,0.6590460125209597,0.6590463724389894,-3.5991802971313547e-07
92,0.6590454170562903,0.6590478550579982,-2.438001707960602e-06
93,0.6590459057656962,0.6590464879321114,-5.821664151861583e-07
94,0.6590462925689101,0.6590460354704244,2.57098485723084e-07
95,0.6590442020857661,0.6590506333679956,-6.4312822295464755e-06
96,0.6590466298577637,0.6590452403007748,1.3895569889177395e-06
97,0.6590460321439491,0.6590463865314616,-3.5438751255778556e-07
98,0.6590463325963222,0.6590458806595391,4.519367831079535e-07
99,0.6590449958977264,0.6590472078810707,-2.2119833443801085e-06
