,treatment_1,treatment_0,difference
0,0.06851143333783788,0.07129703061541864,-0.0027855972775807647
1,0.06197715768528208,0.07430707478284886,-0.012329917097566777
2,0.06609445616359323,0.08778272493071632,-0.021688268767123084
3,0.06326595772576732,0.04630686166546311,0.016959096060304206
4,0.06222387048802825,0.050332728180354516,0.011891142307673734
5,0.07203513807238818,0.06577957176618295,0.006255566306205232
6,0.07093520111574042,0.0419622571404244,0.028972943975316023
7,0.07148483348448677,0.09495256538624518,-0.02346773190175841
8,0.06246313560290314,0.0663684770026719,-0.0039053413997687594
9,0.06056843783660788,0.07649387516984854,-0.015925437333240658
10,0.0603586158334933,0.07893923367355332,-0.018580617840060022
11,0.06533201925260039,0.055045491537618625,0.010286527714981765
12,0.0664363008678333,0.0774697632181374,-0.011033462350304099
13,0.0651495822740556,0.07755282151174817,-0.01240323923769257
14,0.0736039054192106,0.07501874796043266,-0.0014148425412220667
15,0.06530054646429825,0.06795571200089633,-0.0026551655365980725
16,0.06169275412073845,0.06114701060054212,0.0005457435201963318
17,0.06529080904037209,0.08403740142407905,-0.01874659238370696
18,0.057914949959916986,0.09355150188545332,-0.03563655192553633
19,0.07265507431306018,0.04919524813684345,0.023459826176216725
20,0.0722087836265422,0.0675149487432895,0.004693834883252701
21,0.06800734716699654,0.0636064064977827,0.004400940669213843
22,0.05959601655795374,0.10180678159630645,-0.04221076503835271
23,0.056386097285277194,0.06095219128346839,-0.004566093998191197
24,0.07942341094781061,0.058833532977877835,0.020589877969932772
25,0.07674199238649416,0.06394594782183839,0.012796044564655773
26,0.06598352546900084,0.07799846479487683,-0.012014939325875995
27,0.07432008002050683,0.045068288573125996,0.029251791447380833
28,0.06350845324806972,0.06715058247303024,-0.0036421292249605164
29,0.06163097305572433,0.07746508461904077,-0.01583411156331644
30,0.06723095588432328,0.04043033471052788,0.0268006211737954
31,0.06814658374740816,0.07063679060697955,-0.002490206859571395
32,0.07102941230972838,0.04881878807827158,0.022210624231456803
33,0.06003192611608862,0.1015554767722196,-0.04152355065613098
34,0.06488152605691451,0.08654708827570895,-0.02166556221879444
35,0.06660611421002308,0.026895935837133306,0.03971017837288977
36,0.06309239329372632,0.05868739749928188,0.004404995794444436
37,0.07443374206272861,0.07820348591436689,-0.0037697438516382797
38,0.06732453218072539,0.07180553721997986,-0.004481005039254471
39,0.06705795312570591,0.07201655223693612,-0.004958599111230214
40,0.05710576769368469,0.1002676405284317,-0.04316187283474702
41,0.07297701016110199,0.08995413918736272,-0.016977129026260737
42,0.06584250766913538,0.07167896189607946,-0.0058364542269440794
43,0.06513332937135229,0.047118104165728224,0.018015225205624062
44,0.06841387608079864,0.07193430523551249,-0.0035204291547138444
45,0.07591886243494561,0.0818233807934298,-0.005904518358484184
46,0.06922694208726159,0.057960070138948105,0.011266871948313481
47,0.0790348885996597,0.05799311686753243,0.021041771732127262
48,0.07184086993694751,0.11358274497415587,-0.04174187503720836
49,0.07128909559462206,0.03337685302150077,0.037912242573121285
50,0.06317026981603463,0.0759765189162641,-0.01280624910022947
51,0.0752831908038542,0.05179658404167213,0.023486606762182075
52,0.06556172136773218,0.06654626060360673,-0.0009845392358745486
53,0.06269774531351152,0.07526479427981565,-0.012567048966304131
54,0.06700133132210254,0.054345517973472826,0.01265581334862971
55,0.056400335996323415,0.09227205454681196,-0.03587171855048855
56,0.06216245514407169,0.05674944324354021,0.005413011900531478
57,0.07559787806401909,0.04873143141920939,0.0268664466448097
58,0.07304626573708994,0.06691197508096083,0.00613429065612911
59,0.06751685750497882,0.06895722599968479,-0.001440368494705968
60,0.07229172318366581,0.05945126574565971,0.012840457438006096
61,0.06069224312638789,0.0754170817668829,-0.014724838640495008
62,0.0544871820798469,0.07176286227279016,-0.01727568019294326
63,0.08072073717704503,0.07012954546319285,0.010591191713852185
64,0.07172494349026129,0.05292689478438807,0.01879804870587322
65,0.061106720895848114,0.06867689020796575,-0.007570169312117632
66,0.05676082997940673,0.0659929806434308,-0.009232150664024073
67,0.07105506200239257,0.04614685555325062,0.024908206449141955
68,0.06753164323669461,0.0848192396097416,-0.017287596373046984
69,0.06596366168527902,0.06870227578564984,-0.002738614100370823
70,0.07294864106207809,0.05110592524207947,0.021842715819998616
71,0.06722754632100966,0.06121474419613547,0.006012802124874192
72,0.06323688662987666,0.04751359055710833,0.015723296072768324
73,0.06817633928244529,0.035049911770330996,0.033126427512114295
74,0.0737372010586512,0.06115887118641955,0.012578329872231647
75,0.05647407579485747,0.05061843388609613,0.005855641908761339
76,0.07777595090740057,0.06435932512347185,0.013416625783928715
77,0.0638897854827223,0.05774526809631972,0.006144517386402579
78,0.06986977468903652,0.08024209729222515,-0.010372322603188627
79,0.06620193204908326,0.08018242946762305,-0.013980497418539795
80,0.06577394754759805,0.07599941501911621,-0.01022546747151816
81,0.055619452904007834,0.09552849403741218,-0.03990904113340434
82,0.07415328285844727,0.053561386099591844,0.02059189675885543
83,0.06596444817669125,0.10219502073773368,-0.03623057256104242
84,0.06388263261974447,0.07875350556619487,-0.014870872946450397
85,0.06081582177576905,0.06798872427433364,-0.007172902498564587
86,0.059977216601806445,0.07304304165979236,-0.013065825057985918
87,0.07238663822981026,0.05386048034405305,0.018526157885757205
88,0.07399215378306886,0.0393323456789943,0.03465980810407456
89,0.06122578909119378,0.08875096769329507,-0.027525178602101297
90,0.07106537003991796,0.07241451029404251,-0.0013491402541245534
91,0.06221903052317743,0.05200854380055539,0.010210486722622036
92,0.06829920057870932,0.041451624447092265,0.026847576131617056
93,0.06903744729758732,0.05918277301960445,0.009854674277982867
94,0.06796010485192772,0.04794799112139703,0.02001211373053069
95,0.07157295488440456,0.08258834631507955,-0.011015391430674995
96,0.06884970468595573,0.08091982041015407,-0.012070115724198333
97,0.07713331501584962,0.06009156714771222,0.017041747868137398
98,0.06580332494646494,0.07899765351654352,-0.013194328570078573
99,0.05977038094378207,0.10956708520848804,-0.04979670426470597
100,0.0668262946013174,0.05348130075208528,0.013344993849232115
101,0.0582150961515009,0.06125471285930871,-0.0030396167078078073
102,0.07015354139211152,0.0499174129671903,0.020236128424921222
103,0.06403146562045943,0.1261764898523363,-0.06214502423187686
104,0.05914965829699786,0.07215325144321431,-0.013003593146216456
105,0.06714992941013925,0.05167588048875846,0.015474048921380795
106,0.06377496185544555,0.044294695473465574,0.01948026638197998
107,0.06331873596547508,0.07303996518289341,-0.009721229217418331
108,0.06630594378099501,0.06695114020832928,-0.0006451964273342659
109,0.06913260257232663,0.05570821414961245,0.013424388422714179
110,0.07310105539477063,0.04869522496891697,0.02440583042585366
111,0.06453591359665639,0.09280309479094859,-0.028267181194292196
112,0.07368477555970826,0.05544757580816747,0.01823719975154079
113,0.06545054536760435,0.06892311454928719,-0.003472569181682844
114,0.05958328784505464,0.07709519524829127,-0.017511907403236625
115,0.06316747216040676,0.09003558419082279,-0.02686811203041603
116,0.05899530174731614,0.07713788834361598,-0.018142586596299845
117,0.0730170467717449,0.04657689754055192,0.026440149231192984
118,0.06256750816588137,0.05913457375416956,0.003432934411711809
119,0.0677200158445676,0.06381809797089705,0.0039019178736705573
120,0.07470638836831536,0.05599065300230307,0.018715735366012294
121,0.06547628434708319,0.08045710255289446,-0.014980818205811264
122,0.06786774542339324,0.04917881603489261,0.018688929388500634
123,0.07386373459612439,0.07998887573853111,-0.006125141142406726
124,0.07387444319666447,0.04323035296408675,0.030644090232577727
125,0.06804190669847879,0.11295165288775535,-0.04490974618927657
126,0.07083713239158868,0.07228788464914677,-0.0014507522575580994
127,0.07471755078599564,0.07096423283275752,0.0037533179532381195
128,0.0655463285129312,0.075315048933612,-0.009768720420680804
129,0.07226647442670336,0.04619454843028065,0.02607192599642271
130,0.08214838814456786,0.06385146098217308,0.018296927162394783
131,0.06418293986471231,0.0665614177475453,-0.002378477882832991
132,0.05910684533483602,0.07081080074467622,-0.011703955409840198
133,0.07070940284805245,0.058557487965582786,0.012151914882469667
134,0.06499136773833783,0.047020888363846665,0.017970479374491165
135,0.06377381532105357,0.041764026580941485,0.022009788740112085
136,0.06427353929347762,0.07244684213959601,-0.008173302846118391
137,0.08489360351442209,0.05836162414259078,0.026531979371831306
138,0.06310880983868919,0.07144088191730809,-0.008332072078618899
139,0.06512919279685842,0.0719614739201662,-0.00683228112330779
140,0.05321155928602592,0.07509272404490434,-0.021881164758878427
141,0.07100442136848562,0.080227109399416,-0.00922268803093039
142,0.05531774216019976,0.07597254450085635,-0.020654802340656586
143,0.06319654421442035,0.06048607261359894,0.0027104716008214125
144,0.058042251795346146,0.05163597151749899,0.006406280277847155
145,0.06664843246346348,0.0868814437448516,-0.020233011281388116
146,0.07810897818260064,0.07334134463494024,0.0047676335476603965
147,0.06540675754322764,0.05871384658704685,0.006692910956180791
148,0.07051196309517124,0.03590344840486572,0.03460851469030552
149,0.06760039191727038,0.08872878403913523,-0.021128392121864847
150,0.05867321534120728,0.07051104885161563,-0.011837833510408353
151,0.06885253899578242,0.04451348330262873,0.024339055693153692
152,0.06360159190843398,0.047410501944493685,0.016191089963940294
153,0.06876026755349196,0.07591324385324708,-0.007152976299755115
154,0.06620467377064637,0.0833372872345315,-0.01713261346388513
155,0.06468497252200427,0.07662613552527574,-0.011941163003271471
156,0.0648335644058545,0.05391748311635951,0.010916081289494992
157,0.06836318720333362,0.04028997006255742,0.0280732171407762
158,0.07131822039278363,0.06858821969790233,0.0027300006948813016
159,0.05309615102382014,0.06384161577759774,-0.010745464753777599
160,0.061858890647733235,0.05941908214754462,0.0024398085001886144
161,0.06939545079058072,0.0688114703879479,0.0005839804026328277
162,0.06103302927263894,0.051866464554215806,0.009166564718423136
163,0.06672903078000193,0.07836602495513656,-0.011636994175134627
164,0.07218717027105757,0.07307164186407393,-0.000884471593016356
165,0.06393783498848606,0.032900867775670715,0.03103696721281534
166,0.07088742585564829,0.05991461132778949,0.010972814527858803
167,0.06932591013289328,0.055969562654966526,0.013356347477926758
168,0.06399295225788208,0.036129215193723925,0.027863737064158157
169,0.06351938396601468,0.05638106726275823,0.007138316703256452
170,0.06975807470987792,0.04720858655017023,0.02254948815970769
171,0.06042414804555103,0.09805309339350662,-0.03762894534795559
172,0.057048354179312984,0.05623317401954722,0.0008151801597657618
173,0.06682968860515466,0.05799029858189175,0.008839390023262908
174,0.07137986787810469,0.09111583620916935,-0.01973596833106467
175,0.06690436037018287,0.06657146316387323,0.0003328972063096347
176,0.07228170406060304,0.04535791631004799,0.026923787750555046
177,0.06685072700963941,0.07772974658901988,-0.010879019579380464
178,0.06862142608768097,0.07468934962853596,-0.006067923540854989
179,0.06880928816829386,0.08686586306037886,-0.018056574892084995
180,0.06834621363245257,0.08192163882734457,-0.013575425194892007
181,0.06911923039905357,0.07423452308551151,-0.0051152926864579396
182,0.06690919156167162,0.04880469089409596,0.018104500667575657
183,0.07674899824042362,0.07545976188499165,0.0012892363554319747
184,0.06315834592558649,0.06452562915000534,-0.0013672832244188554
185,0.06814554235452594,0.04445009194814495,0.02369545040638099
186,0.05803630757472963,0.05762065398577521,0.00041565358895441495
187,0.05954637163632505,0.07734146676536104,-0.017795095129035987
188,0.07274916264632118,0.06179775815116712,0.010951404495154062
189,0.06554577864853899,0.05286576498939364,0.012680013659145346
190,0.06843071327831449,0.06402200537511397,0.004408707903200512
191,0.0670970005687158,0.06780454841616433,-0.0007075478474485308
192,0.06910013741242117,0.07198624912080555,-0.0028861117083843757
193,0.0627188391875627,0.11344648243815873,-0.05072764325059603
194,0.07007612665619499,0.05507280575890462,0.015003320897290368
195,0.07571538087733082,0.06254020961288735,0.013175171264443467
196,0.06336249817604098,0.0826936236502183,-0.019331125474177327
197,0.0635317341246396,0.10815134587411533,-0.044619611749475735
198,0.06238406385138999,0.06337017789908228,-0.0009861140476922908
199,0.06536461400272728,0.026058584082586357,0.03930602992014092
200,0.07419254024084426,0.07372895742054913,0.00046358282029512754
201,0.0549757870601994,0.034606857612786396,0.020368929447413003
202,0.05819753285520866,0.07708154807358433,-0.018884015218375676
203,0.06531416768676274,0.04075405858014872,0.024560109106614013
204,0.06936538486669613,0.04462025443200601,0.02474513043469012
205,0.05762405656511689,0.06833845045738245,-0.010714393892265556
206,0.07083230833353812,0.059575782244855484,0.01125652608868264
207,0.0700014079989675,0.07488555609560503,-0.004884148096637536
208,0.05872289585201962,0.057046571528547634,0.0016763243234719852
209,0.06817597446509673,0.060253409805413785,0.00792256465968294
210,0.07159182275497848,0.026589025214815883,0.0450027975401626
211,0.07753961982872924,0.06693722077001842,0.010602399058710826
212,0.07208216246737437,0.0892155142752746,-0.017133351807900238
213,0.0719782175885676,0.046565859264779554,0.02541235832378804
214,0.06357346253409578,0.05909563580185264,0.004477826732243138
215,0.07407933826229275,0.07016548253726067,0.003913855725032084
216,0.07073504356235592,0.07358113444991492,-0.002846090887558994
217,0.07007983800038489,0.06269550404399939,0.007384333956385505
218,0.06192118553345195,0.0732110707489283,-0.011289885215476345
219,0.053851633321160886,0.08417882614930766,-0.030327192828146776
220,0.06983683703654679,0.07259499658086796,-0.0027581595443211676
221,0.06869508262750759,0.038699340076192246,0.029995742551315346
222,0.06786499840658229,0.07433191784652607,-0.006466919439943777
223,0.06690403486667625,0.0808795994336553,-0.013975564566979057
224,0.07316461393739432,0.052032585367133684,0.021132028570260634
225,0.06840270537790015,0.06378781949111038,0.004614885886789766
226,0.06779025390573351,0.06832601854304877,-0.0005357646373152641
227,0.07389245324238694,0.05876524169059812,0.015127211551788818
228,0.05705410256053625,0.11785172065546497,-0.060797618094928715
229,0.06845094368592881,0.05449716702182366,0.013953776664105154
230,0.057286804556628046,0.081221863341306,-0.023935058784677957
231,0.06783179099873819,0.057954347767901086,0.009877443230837106
232,0.06675007655606813,0.05570950911513422,0.011040567440933909
233,0.07047491824165665,0.06775182773136929,0.0027230905102873654
234,0.06329612701727713,0.14804157384405547,-0.08474544682677834
235,0.057280990435341586,0.09689316165586381,-0.03961217122052223
236,0.06824437596688133,0.056415956799980245,0.01182841916690109
237,0.0659594750399915,0.050795972770123064,0.015163502269868435
238,0.06582020909265315,0.056549260660736476,0.009270948431916677
239,0.06630778345862107,0.05640646776771225,0.009901315690908817
240,0.06616979798887761,0.050615015306666844,0.015554782682210763
241,0.06418931118096517,0.05333474725714267,0.010854563923822502
242,0.05755664441785838,0.06569881349581114,-0.00814216907795276
243,0.07182033264688459,0.05029458708427735,0.021525745562607237
244,0.062536452731769,0.06328666659883013,-0.0007502138670611308
245,0.0717380324457763,0.08866571922819953,-0.016927686782423235
246,0.06488388881413353,0.09637689256994336,-0.03149300375580984
247,0.06808284151825175,0.054652654692440614,0.013430186825811138
248,0.0716611717132607,0.05352419293444973,0.018136978778810965
249,0.07329662640516296,0.05513334395473441,0.01816328245042855
250,0.0653312391086466,0.08671541144858165,-0.021384172339935045
251,0.06149666468016698,0.06420726174122346,-0.0027105970610564814
252,0.07061602829493595,0.07361917763215263,-0.0030031493372166818
253,0.06094173416130135,0.07354424909178289,-0.012602514930481541
254,0.06879434478403047,0.07980672808637342,-0.011012383302342943
255,0.05759348921462881,0.07521070288055288,-0.017617213665924072
256,0.0742014718820207,0.05567902731935337,0.01852244456266733
257,0.06935393643128561,0.06640591277418649,0.002948023657099119
258,0.06725042674227866,0.05705069340844351,0.01019973333383515
259,0.06733104232633778,0.0816749190280771,-0.014343876701739311
260,0.07052263630015612,0.07058957106561518,-6.693476545906185e-05
261,0.0720430979335636,0.0582917230486545,0.013751374884909101
262,0.0576708810553474,0.03744723904586411,0.02022364200948329
263,0.07178688834763218,0.06108008605514744,0.01070680229248474
264,0.06848936763634046,0.053533090111028664,0.014956277525311798
265,0.0819992958676612,0.07545924619042177,0.006540049677239437
266,0.06969998611711957,0.0659171832006437,0.003782802916475869
267,0.06494097151675815,0.05804724190534982,0.006893729611408328
268,0.0773003250071651,0.0655265051737831,0.011773819833382007
269,0.06702732071090908,0.06990746900955677,-0.002880148298647689
270,0.06167413591991882,0.0734847353478216,-0.01181059942790278
271,0.07257355697334812,0.04450324614597117,0.028070310827376953
272,0.06942047352776619,0.04575625321229933,0.02366422031546686
273,0.064940081738482,0.07618429386172948,-0.011244212123247485
274,0.06166455001177993,0.05484882769276918,0.006815722319010752
275,0.060635543605950463,0.08836552621107924,-0.027729982605128774
276,0.06862308151541344,0.04564477544218129,0.022978306073232146
277,0.0666017268513344,0.07037329972223105,-0.0037715728708966473
278,0.06948224352641894,0.06098263302424789,0.008499610502171046
279,0.07157553899611603,0.08316239836571984,-0.01158685936960381
280,0.06525982842022668,0.07906689653260451,-0.013807068112377835
281,0.07659713544854016,0.06247302416683683,0.014124111281703329
282,0.07206993928238928,0.04855779050351343,0.02351214877887585
283,0.06126225767623372,0.06263287045683102,-0.0013706127805973023
284,0.07217895280768116,0.06352580081156195,0.008653151996119213
285,0.07105019174959484,0.03323856756945714,0.037811624180137705
286,0.06393333876820556,0.09848440548704848,-0.03455106671884292
287,0.06551147233806232,0.062881882269876,0.002629590068186319
288,0.06929512567984014,0.07045436508645656,-0.0011592394066164136
289,0.07203343604103966,0.09483488069621875,-0.02280144465517908
290,0.07835690861704324,0.043273989473392456,0.03508291914365078
291,0.0738866659834312,0.03619712976417246,0.03768953621925874
292,0.07106914885687997,0.03905657186293869,0.03201257699394128
293,0.0663801872198759,0.04252678096971481,0.023853406250161094
294,0.06841031786905158,0.05462290648795863,0.013787411381092948
295,0.069531800304823,0.05781282679867862,0.011718973506144384
296,0.07491746712482704,0.0523452358608458,0.022572231263981238
297,0.07093199205897753,0.05612848164701185,0.014803510411965683
298,0.06390403109765616,0.05261546612846028,0.011288564969195884
299,0.06954288885760754,0.07926329484689408,-0.009720405989286543
300,0.06313353729483161,0.0617500913338458,0.0013834459609858088
301,0.05561616102277276,0.06746875387998993,-0.011852592857217174
302,0.06806290015308272,0.0365102785373469,0.03155262161573582
303,0.06542729325100172,0.07620816096168816,-0.01078086771068644
304,0.07263412518073131,0.03918816748710978,0.033445957693621534
305,0.07422626053752816,0.04689618727983551,0.027330073257692655
306,0.06851201166794292,0.05672560903249931,0.011786402635443609
307,0.07129968284096473,0.050480879506757684,0.020818803334207048
308,0.06522679629526924,0.04071581326610564,0.024510983029163602
309,0.07317295558732037,0.059081415176783184,0.014091540410537187
310,0.07251621623592223,0.055718560145651894,0.01679765609027034
311,0.07260088673599471,0.06328631297356903,0.009314573762425685
312,0.06235854893106787,0.06896074342726621,-0.006602194496198345
313,0.0669854025042872,0.05440747199952724,0.012577930504759957
314,0.06608756888916861,0.058254412849285425,0.007833156039883188
315,0.058743484312836526,0.09842262594807649,-0.039679141635239966
316,0.07134036532576253,0.08499030994112798,-0.01364994461536545
317,0.059368600031564515,0.07692600936412568,-0.017557409332561162
318,0.06778660551869195,0.06316605883300493,0.004620546685687024
319,0.06988368567793402,0.07974900136558744,-0.00986531568765342
320,0.06552751751186814,0.05946038728774568,0.006067130224122461
321,0.06462766047545832,0.05084127008770735,0.013786390387750966
322,0.07707890555789867,0.06602913777258392,0.01104976778531476
323,0.06322173109372098,0.047475770172431174,0.015745960921289805
324,0.0647403746815423,0.08353778639563621,-0.01879741171409391
325,0.06421218276408766,0.060125184341609884,0.004086998422477776
326,0.05981998127715614,0.055159258781772795,0.0046607224953833445
327,0.06636006189007478,0.042612287042461325,0.02374777484761345
328,0.07318416120251219,0.0657366988672916,0.007447462335220589
329,0.06776718240335716,0.05945785936612366,0.008309323037233501
330,0.06121624020691078,0.08824681700981767,-0.027030576802906887
331,0.06418071291224921,0.07253732214290183,-0.008356609230652623
332,0.07268774847250405,0.051453246932718584,0.021234501539785462
333,0.05986468314782611,0.059747753632804185,0.00011692951502192267
334,0.06988951908844279,0.06362499905584826,0.006264520032594534
335,0.07208419714447864,0.06289534461179817,0.009188852532680467
336,0.07049473507887159,0.08987165747795575,-0.01937692239908416
337,0.06456087687165579,0.06809942478386657,-0.003538547912210782
338,0.06342840749226965,0.04918259799654325,0.014245809495726396
339,0.07523323871713229,0.06071773968998115,0.014515499027151144
340,0.07533894075830883,0.026595313710880662,0.04874362704742816
341,0.0739528314919114,0.04273914723010135,0.031213684261810044
342,0.0659351150745576,0.06519345825964713,0.0007416568149104658
343,0.06727558050288288,0.05552276888309261,0.011752811619790263
344,0.07421218987983179,0.05231568231624973,0.02189650756358206
345,0.06746349056946856,0.04469119976208291,0.022772290807385645
346,0.07370779405315778,0.09162440728462411,-0.01791661323146633
347,0.06994466325368982,0.04049546162177314,0.02944920163191668
348,0.06514046906041418,0.027149960890929383,0.037990508169484793
349,0.07060093043503787,0.06757259185434686,0.0030283385806910146
350,0.06527521703986353,0.06104320208074832,0.004232014959115203
351,0.07620477642784043,0.06183803722543491,0.01436673920240552
352,0.06669188607561072,0.0701997074990855,-0.0035078214234747773
353,0.0710861756341829,0.08203118646524968,-0.010945010831066776
354,0.0713228932982621,0.0664844658317763,0.004838427466485801
355,0.07733784265969071,0.04846428720378586,0.02887355545590485
356,0.062180846939594074,0.04511478260841748,0.017066064331176592
357,0.08292061897368361,0.0373658458895703,0.045554773084113306
358,0.06406859232537836,0.06853647817508018,-0.0044678858497018276
359,0.06474502355807475,0.08487965042383931,-0.02013462686576456
360,0.07733100090458736,0.08072327034901848,-0.0033922694444311202
361,0.06423835471643159,0.05500639967198124,0.009231955044450353
362,0.07163216979302918,0.050670885554732,0.020961284238297177
363,0.06236772389566239,0.0841680481778919,-0.021800324282229513
364,0.06189224418538754,0.040456189023976734,0.021436055161410804
365,0.06773416225548351,0.08060968258610554,-0.012875520330622031
366,0.07442839210568307,0.07492501449680235,-0.000496622391119278
367,0.06805247061911038,0.0643420298119305,0.003710440807179874
368,0.07841225757562377,0.040449211342622235,0.037963046233001535
369,0.06859452894118795,0.05484046153903338,0.013754067402154568
370,0.07474231334433877,0.03790015966750395,0.03684215367683482
371,0.07709951538689422,0.05202663582553518,0.025072879561359042
372,0.06364995152082119,0.0687529164545704,-0.005102964933749218
373,0.056636817853980156,0.04595653366342684,0.010680284190553314
374,0.07170988050272899,0.07255599183517365,-0.0008461113324446656
375,0.06130261367993263,0.06190490332719705,-0.0006022896472644215
376,0.0630826438448212,0.09064504335760885,-0.027562399512787647
377,0.06810277684439858,0.09917479884214338,-0.031072021997744795
378,0.07513995628046875,0.02801855445261994,0.04712140182784881
379,0.07123170600550242,0.11072579534611629,-0.03949408934061387
380,0.06981538958313434,0.062385141206682905,0.007430248376451433
381,0.06167499385357609,0.07354375791993514,-0.011868764066359054
382,0.07453951545418319,0.031534439513728016,0.043005075940455176
383,0.06967805196159456,0.05958197540303645,0.010096076558558112
384,0.06381019762218264,0.07481585535599805,-0.011005657733815413
385,0.07025845024314811,0.08135125899165206,-0.011092808748503949
386,0.07026880251698284,0.04484609014862465,0.025422712368358184
387,0.07386817797940426,0.08019542552643873,-0.0063272475470344675
388,0.06725251585697227,0.051674699607976035,0.015577816248996235
389,0.06365247579367862,0.035632767529062595,0.028019708264616028
390,0.07762016481373389,0.07896203037429383,-0.0013418655605599433
391,0.07056411979605791,0.05695288189811546,0.013611237897942448
392,0.06917852387126534,0.04028786612006047,0.028890657751204876
393,0.06538644000339681,0.03608322620597138,0.029303213797425433
394,0.06777435917034894,0.056623013129069616,0.01115134604127932
395,0.06967308761297489,0.059215612692707406,0.010457474920267482
396,0.06706077414218425,0.057590481220185834,0.00947029292199842
397,0.07412235901725195,0.07477399570978731,-0.0006516366925353595
398,0.06596362534180676,0.05280778391434725,0.013155841427459514
399,0.0680946762666989,0.04809152526393306,0.020003151002765847
400,0.064974273523329,0.04920299890065427,0.015771274622674733
401,0.06829845365122736,0.07659127444748258,-0.00829282079625522
402,0.06751192698711024,0.08421703744244373,-0.01670511045533349
403,0.07205152061913246,0.07907016853157563,-0.0070186479124431655
404,0.08104588298874918,0.049042024109278576,0.032003858879470604
405,0.0759180636777482,0.05953883597189347,0.016379227705854732
406,0.062196163219584995,0.0740012933108827,-0.01180513009129771
407,0.06433925573706821,0.06407460133606185,0.0002646544010063562
408,0.06134453620827547,0.06427611640718546,-0.0029315801989099888
409,0.07373986209316606,0.07154185565876359,0.0021980064344024747
410,0.06811919366143043,0.04729226522857974,0.020826928432850694
411,0.06834959338250905,0.05293289509861545,0.015416698283893603
412,0.07328418643693568,0.031279141410858025,0.04200504502607766
413,0.06160623571402103,0.08524044313205217,-0.023634207418031142
414,0.0612605505844974,0.06362805732218077,-0.002367506737683371
415,0.0637434869766994,0.11145565257102462,-0.047712165594325215
416,0.06539777248386172,0.044976882399153005,0.020420890084708716
417,0.06417820639521207,0.09974244049076653,-0.03556423409555445
418,0.06514206295333182,0.07390843557178535,-0.008766372618453533
419,0.0748296463116102,0.062209574902007764,0.012620071409602432
420,0.058357462624172386,0.06354745618495844,-0.005189993560786053
421,0.07397633655471046,0.07074867530609466,0.0032276612486158013
422,0.07285095747988547,0.04775160382596412,0.025099353653921352
423,0.06258288611618008,0.03995918641948692,0.022623699696693166
424,0.06022654178488699,0.08325190700109977,-0.023025365216212783
425,0.07748862597148079,0.07830153343111713,-0.0008129074596363445
426,0.06418750543403988,0.07441173470568863,-0.010224229271648747
427,0.06858174946013575,0.07445237714223098,-0.005870627682095231
428,0.06424544047434871,0.05422658911810566,0.010018851356243051
429,0.06098067789095558,0.06260870502398383,-0.0016280271330282522
430,0.0669594224330144,0.05630528288428113,0.010654139548733274
431,0.06730204230028428,0.0523688091810032,0.014933233119281075
432,0.06210741461118712,0.08608544509042934,-0.02397803047924222
433,0.06286124383722289,0.06912454369718724,-0.00626329985996435
434,0.0651408061986581,0.0644020890238447,0.0007387171748133997
435,0.06500387011418243,0.07398816304044957,-0.008984292926267137
436,0.06806566594707839,0.06802575687689748,3.990907018090739e-05
437,0.06365205641055184,0.08611985984312431,-0.022467803432572472
438,0.053404331095154405,0.09245898413323737,-0.03905465303808297
439,0.0663013268117099,0.08347979242201799,-0.017178465610308086
440,0.06682544674020977,0.07038593766281255,-0.0035604909226027853
441,0.06219658465664932,0.0694794605916721,-0.007282875935022776
442,0.06459826936539817,0.087661818976491,-0.023063549611092832
443,0.06493340561355851,0.08188377099501949,-0.016950365381460983
444,0.06955726130556482,0.05586054885816037,0.013696712447404447
445,0.06753112695338062,0.1042182704597458,-0.03668714350636518
446,0.06645636519714797,0.07199532803862595,-0.005538962841477979
447,0.07728196263742523,0.050700790263456995,0.02658117237396824
448,0.064971158479909,0.10718334758479489,-0.04221218910488589
449,0.06368532513526147,0.05801329014634399,0.005672034988917482
450,0.06627001336818168,0.06475262043745343,0.0015173929307282508
451,0.06108715096362853,0.06957432328785149,-0.008487172324222955
452,0.06866976177961363,0.04727873763203413,0.021391024147579506
453,0.07225199632044439,0.07844322441803227,-0.006191228097587875
454,0.06714241905917451,0.05730892137094229,0.009833497688232218
455,0.06920001008812188,0.06211078386360118,0.007089226224520698
456,0.08408119785394501,0.0914505390367451,-0.007369341182800096
457,0.0634767102655544,0.0793584995215646,-0.015881789256010193
458,0.06541185466434675,0.09272520738307677,-0.02731335271873002
459,0.07166810356201324,0.05933537869756438,0.012332724864448856
460,0.06486545696976312,0.05511629628018684,0.009749160689576278
461,0.07309025158802436,0.0711283567203934,0.001961894867630959
462,0.0683455847037324,0.04092250034427813,0.02742308435945428
463,0.06949375776443066,0.07420293456685738,-0.004709176802426718
464,0.06643577943635617,0.0567214915786495,0.009714287857706672
465,0.06846442617529656,0.014966126899370692,0.05349829927592587
466,0.06414194573504353,0.07745800681089851,-0.013316061075854979
467,0.06074416050338767,0.0818261021814745,-0.02108194167808683
468,0.0786724392923295,0.03365776593436205,0.04501467335796745
469,0.07227832070377162,0.065869989016028,0.006408331687743615
470,0.06064547641284388,0.06979902843340449,-0.009153552020560611
471,0.05984277832956803,0.0716261135883915,-0.011783335258823462
472,0.07364651052088739,0.07035485367668201,0.003291656844205376
473,0.05665529245479853,0.04645045540657361,0.010204837048224918
474,0.061350028290102776,0.07371449272444618,-0.0123644644343434
475,0.05693660741750946,0.08052396189491294,-0.023587354477403483
476,0.06988343869177317,0.10655325051458106,-0.03666981182280789
477,0.0668502042931259,0.04824368577829156,0.018606518514834337
478,0.057003030947070946,0.087940835786289,-0.030937804839218055
479,0.07394967170224592,0.0416941400085176,0.03225553169372832
480,0.06517086449432441,0.04486989898242031,0.0203009655119041
481,0.06371546628500133,0.0876746238904461,-0.023959157605444772
482,0.05533413149986124,0.05646656548975534,-0.0011324339898940994
483,0.06775559570889458,0.05051906909040499,0.017236526618489595
484,0.06490189668713248,0.058172250782769344,0.006729645904363132
485,0.06605152974990283,0.046577950085558185,0.019473579664344647
486,0.06282450212833872,0.06403783606744555,-0.001213333939106831
487,0.05338623736405784,0.10047390594965704,-0.04708766858559919
488,0.06370532790554528,0.08237815395482292,-0.01867282604927764
489,0.07084988106912954,0.0655262841072045,0.0053235969619250395
490,0.06426653748390344,0.07996102427291256,-0.015694486789009116
491,0.0724375256034261,0.05633678416692879,0.016100741436497312
492,0.06447992719990465,0.04962397659242753,0.014855950607477124
493,0.08115090054576633,0.04483077894223022,0.036320121603536114
494,0.0700392935445081,0.04375267213071052,0.026286621413797576
495,0.06034399804573137,0.09009342549641582,-0.029749427450684443
496,0.06992959484134255,0.048347387857026365,0.021582206984316184
497,0.0672664247251915,0.052173634815404,0.015092789909787498
498,0.06440389500584394,0.060564896948757135,0.0038389980570868038
499,0.07373856722141058,0.06481867394217146,0.008919893279239116
500,0.06333006467196858,0.061252884284816324,0.0020771803871522596
501,0.0644747760892518,0.09002111415996958,-0.02554633807071778
502,0.059268102476991796,0.08099498662931934,-0.02172688415232754
503,0.07163811905773974,0.022622676467189722,0.04901544259055002
504,0.06422015492413102,0.08393725596410136,-0.019717101039970333
505,0.07995521090142896,0.06145645237753379,0.018498758523895167
506,0.07890979682168721,0.06942110219110018,0.009488694630587033
507,0.06554214342338668,0.08769075410364646,-0.022148610680259778
508,0.06238146323725841,0.07635496026346848,-0.01397349702621007
509,0.061604710324970634,0.0771712780805691,-0.015566567755598469
510,0.06953751327058527,0.061867166266550574,0.007670347004034697
511,0.0704462265002712,0.07222305206996384,-0.001776825569692636
512,0.06790645708594374,0.07404861235873868,-0.006142155272794936
513,0.07573970054318467,0.03077430584446776,0.04496539469871691
514,0.07488387060459205,0.08525974080541077,-0.010375870200818718
515,0.06816814733615334,0.0478660387665315,0.020302108569621842
516,0.07160985348170668,0.05259270348377115,0.019017149997935523
517,0.0599461302631011,0.06690746038914583,-0.006961330126044732
518,0.06289051359648189,0.08899987923112948,-0.026109365634647594
519,0.07026598327132264,0.06201290895409558,0.008253074317227056
520,0.08414046008795611,0.04137265571701698,0.04276780437093913
521,0.06278814664153091,0.0906509343410834,-0.027862787699552485
522,0.06800698589171512,0.10855006784639297,-0.040543081954677845
523,0.06686415425422576,0.07746891973873414,-0.01060476548450838
524,0.06372317523121675,0.07145887727548388,-0.007735702044267129
525,0.06499513799474371,0.08195557190428918,-0.016960433909545464
526,0.06866963580786188,0.06702748791090306,0.0016421478969588232
527,0.0656344904494044,0.0953778915713823,-0.02974340112197789
528,0.0635265162909853,0.053311468181999465,0.010215048108985832
529,0.06454713001034137,0.08639940828394704,-0.02185227827360567
530,0.06550284416205239,0.05188583022998686,0.013617013932065533
531,0.060653072060941324,0.04475960425593289,0.015893467805008436
532,0.06877063828204621,0.03712076985575124,0.031649868426294976
533,0.06858134309150092,0.07899472519677732,-0.010413382105276398
534,0.06498956255392503,0.07949334814238265,-0.014503785588457621
535,0.07244966323894106,0.044618954556287324,0.027830708682653735
536,0.06983864981037956,0.059544446072053475,0.010294203738326083
537,0.07124758170371324,0.06817186862088472,0.0030757130828285295
538,0.06351051200997677,0.05987257552162166,0.0036379364883551146
539,0.06348219055692422,0.059921168885722124,0.0035610216712020984
540,0.06877646543884827,0.033188756225059894,0.03558770921378838
541,0.06269748056367248,0.08022065421765785,-0.01752317365398537
542,0.07213733929761627,0.044633056651521744,0.02750428264609453
543,0.08377984429010525,0.039996613370418814,0.04378323091968644
544,0.06794107405040758,0.07905808023628394,-0.011117006185876355
545,0.06472943721556618,0.0681312797968582,-0.0034018425812920167
546,0.06647274170039065,0.06725808474055459,-0.0007853430401639355
547,0.06466141106645246,0.05735346004011335,0.0073079510263391045
548,0.06298106120789941,0.07955905758219152,-0.01657799637429211
549,0.06397700760231238,0.049891447794860364,0.01408555980745202
550,0.06805616487671746,0.05819028187686583,0.009865882999851631
551,0.05873919997011326,0.06310260441883643,-0.004363404448723171
552,0.07407542352762403,0.047885854094143594,0.026189569433480435
553,0.06099338276310929,0.062008602213761824,-0.0010152194506525339
554,0.059589232636340785,0.05327778557054791,0.006311447065792876
555,0.06110216600125506,0.07529717003388046,-0.014195004032625406
556,0.07699716448499289,0.038876358788901486,0.0381208056960914
557,0.07650655233132476,0.06625061776976394,0.01025593456156082
558,0.07110679775558595,0.06395199106596214,0.007154806689623816
559,0.06530674462502245,0.061731359524746766,0.003575385100275684
560,0.07382096687437872,0.08724963003105679,-0.013428663156678067
561,0.05614616633466264,0.07643069030400314,-0.020284523969340496
562,0.062409894656499515,0.055701870866016884,0.006708023790482631
563,0.06697935335311785,0.06995467167137066,-0.0029753183182528176
564,0.06311002135113394,0.07251831694675945,-0.009408295595625504
565,0.07260608294065074,0.04297874860923984,0.029627334331410897
566,0.06433148472059834,0.058837221063242996,0.005494263657355343
567,0.06224899540224911,0.06824666343737576,-0.005997668035126649
568,0.07321234139670527,0.06332407089636902,0.00988827050033625
569,0.067777334103273,0.05751475511377666,0.010262578989496333
570,0.05989824395705247,0.08323240282542721,-0.02333415886837474
571,0.05131645831369899,0.08241943664529336,-0.031102978331594366
572,0.06210919332446972,0.05379745945645889,0.008311733868010832
573,0.06204309773664305,0.02480922713937321,0.03723387059726984
574,0.059724546520675804,0.06916522079587052,-0.009440674275194717
575,0.07721655369091485,0.04779904019466672,0.029417513496248125
576,0.06926319943071116,0.0574679645983691,0.011795234832342058
577,0.08272819399040934,0.02777375883554016,0.05495443515486918
578,0.07444692312807412,0.062187484438580576,0.012259438689493543
579,0.05887540658588394,0.07899770329275095,-0.020122296706867014
580,0.06402475508065338,0.09220414717107306,-0.028179392090419683
581,0.06458362610377538,0.06346256092380693,0.0011210651799684473
582,0.06199539571914728,0.07021583198139517,-0.008220436262247888
583,0.06315385612118807,0.0967784799810917,-0.03362462385990363
584,0.07100766612734,0.06619922876203432,0.004808437365305673
585,0.05626847897043575,0.05078500932045654,0.005483469649979207
586,0.078197184660827,0.03171800108772972,0.04647918357309727
587,0.06337662209663317,0.06927240840506246,-0.005895786308429296
588,0.05919749150246846,0.06659759169378035,-0.00740010019131189
589,0.0664828724937326,0.07819604978967461,-0.011713177295942012
590,0.07073178032943706,0.06538161307484686,0.005350167254590199
591,0.06790643281347546,0.038217781659060486,0.02968865115441497
592,0.0714016033103777,0.07982011513591891,-0.008418511825541208
593,0.07262014210595479,0.05476396939808076,0.017856172707874027
594,0.06946429763366418,0.07728070816440727,-0.007816410530743084
595,0.050340622273120514,0.10544386084681583,-0.05510323857369531
596,0.07618007888406188,0.05132825019647745,0.024851828687584426
597,0.0650679357391884,0.09740071666163377,-0.032332780922445375
598,0.05793148205541072,0.08522795357548638,-0.02729647152007566
599,0.06749176528750304,0.06973395439513963,-0.0022421891076365857
600,0.06647412119181272,0.057449582742370366,0.00902453844944235
601,0.07010719313568607,0.09533704109245096,-0.02522984795676489
602,0.07533555098868654,0.0819966772222314,-0.006661126233544867
603,0.06769275508469569,0.055017923702045564,0.012674831382650124
604,0.07240571191246553,0.0504174429381418,0.02198826897432373
605,0.062318164084257055,0.05672124140477771,0.005596922679479345
606,0.068671620921454,0.0805280837695782,-0.011856462848124194
607,0.07205527065671706,0.09794914282204763,-0.025893872165330567
608,0.06158023277959434,0.05155786356047071,0.010022369219123632
609,0.055268056677977316,0.06376475537079762,-0.008496698692820305
610,0.06170714204584655,0.08199367361130912,-0.02028653156546257
611,0.0617312493776139,0.07661831488846499,-0.014887065510851089
612,0.07662604112021332,0.04891758608292448,0.02770845503728884
613,0.08383095019782053,0.07427494379576895,0.009556006402051578
614,0.06498467437584526,0.12503218110129302,-0.06004750672544776
615,0.061734442527802934,0.051018877249780624,0.01071556527802231
616,0.07074155138673276,0.05368770462835748,0.017053846758375277
617,0.06763637920311359,0.05064730141382046,0.01698907778929313
618,0.06453992226068134,0.07809984933352046,-0.013559927072839123
619,0.0661575573039571,0.07438686577498509,-0.008229308471027985
620,0.06927036784222255,0.048934795865500945,0.02033557197672161
621,0.07277558815403427,0.07479754628172765,-0.002021958127693374
622,0.06001118771589498,0.10436410510252495,-0.04435291738662996
623,0.06571761639920924,0.05653055658228684,0.009187059816922402
624,0.057946360575633946,0.0853804923216057,-0.027434131745971757
625,0.07536252917144699,0.06429661881016188,0.011065910361285111
626,0.06633489722935201,0.070686957166342,-0.004352059936989991
627,0.06463876914962155,0.0812924820295937,-0.016653712879972152
628,0.060767045577386214,0.07085343219410216,-0.010086386616715945
629,0.06995754013492869,0.04595816082169563,0.02399937931323306
630,0.06434898357652387,0.03977803503154149,0.02457094854498238
631,0.07617260027824253,0.035635944724533616,0.04053665555370892
632,0.05249537605864094,0.07192981026520111,-0.019434434206560165
633,0.0724996464174485,0.07764803598367219,-0.005148389566223696
634,0.06612195676686487,0.0620020918238291,0.004119864943035775
635,0.06569421595872892,0.0684586941921745,-0.002764478233445583
636,0.06380654384379697,0.0936210022172786,-0.029814458373481637
637,0.06362557706906012,0.13769068242885588,-0.07406510535979575
638,0.07156502879709677,0.053345437186880375,0.01821959161021639
639,0.0673884494087138,0.045600521929367255,0.021787927479346547
640,0.06785131640026543,0.04635192830661955,0.021499388093645877
641,0.07494308433033961,0.038035470982049485,0.036907613348290125
642,0.06633927903751631,0.029008896487462004,0.0373303825500543
643,0.06023070607905049,0.08118409807408332,-0.02095339199503283
644,0.06580897041741043,0.06824851936580843,-0.0024395489483979987
645,0.06271895799619136,0.08629126560326245,-0.02357230760707109
646,0.06097070448857367,0.10398732080023894,-0.04301661631166527
647,0.0718149323363506,0.07362075500141971,-0.0018058226650691095
648,0.0663838884385592,0.06833940693785644,-0.001955518499297232
649,0.07772189308323552,0.07276876475064457,0.004953128332590942
650,0.06838384947160274,0.0469821419437121,0.02140170752789064
651,0.06017843681561785,0.07681121755589125,-0.016632780740273398
652,0.0655949432006867,0.050169040000452456,0.01542590320023425
653,0.07127927758859842,0.05014806803473413,0.021131209553864293
654,0.07022867337406355,0.0654315730884121,0.0047971002856514455
655,0.06889196969449989,0.06497653623003659,0.003915433464463297
656,0.06854604535598179,0.06369363093700282,0.004852414418978962
657,0.06656083869999406,0.07607074470589513,-0.00950990600590107
658,0.06640848759691403,0.05447379915234009,0.011934688444573946
659,0.06384097678996287,0.08255909595716143,-0.018718119167198566
660,0.05854952253312156,0.09741512266619275,-0.038865600133071186
661,0.06577621951902982,0.05297048073448262,0.012805738784547195
662,0.06165315059920831,0.07668698990625077,-0.015033839307042454
663,0.06735055667596865,0.05175390536648047,0.015596651309488181
664,0.06586557093995477,0.042014459344658875,0.02385111159529589
665,0.06453045854542232,0.06169274893065366,0.0028377096147686603
666,0.0785934896643703,0.06403333111887108,0.014560158545499219
667,0.07250490847793342,0.07469357896488334,-0.0021886704869499146
668,0.06458470155484489,0.0831994265117348,-0.018614724956889914
669,0.06737401383374027,0.0712851628050597,-0.003911148971319431
670,0.07387046960731901,0.08846745956892918,-0.014596989961610171
671,0.07300153248567559,0.0806778579479805,-0.007676325462304914
672,0.08037337648505587,0.049978003883068306,0.03039537260198756
673,0.062276949181030807,0.05312695565919738,0.009149993521833426
674,0.06986584736448909,0.087167671931462,-0.01730182456697292
675,0.0646362941676597,0.06431604570365618,0.00032024846400352525
676,0.06451324145041433,0.08838363002187082,-0.023870388571456486
677,0.07175552262690789,0.07050035975439477,0.0012551628725131214
678,0.05857794664014533,0.0479758548905608,0.010602091749584534
679,0.06664943993638478,0.03966804158980977,0.02698139834657501
680,0.07754083259134188,0.04892787828293706,0.028612954308404825
681,0.06555572156270446,0.0775839342720537,-0.012028212709349242
682,0.06297222692348671,0.07038495737462057,-0.007412730451133859
683,0.07261622581205286,0.05733010113423969,0.015286124677813172
684,0.07225067599573137,0.10096376835420764,-0.028713092358476272
685,0.05833700491320784,0.05632554730896263,0.0020114576042452106
686,0.06772914136238783,0.054001877081464394,0.01372726428092344
687,0.059181555208463466,0.07152537828885414,-0.01234382308039067
688,0.0668254632502432,0.06816583802354505,-0.0013403747733018445
689,0.0669389250143997,0.038291866165668306,0.028647058848731394
690,0.07057338829378379,0.08442678248329392,-0.013853394189510135
691,0.06493304270267085,0.0876110488317521,-0.022678006129081246
692,0.07226769140903544,0.03568043364980188,0.036587257759233556
693,0.07245023883474427,0.07103813317740049,0.0014121056573437873
694,0.0751768047556099,0.09553898232085994,-0.02036217756525005
695,0.06542463176429804,0.057409466217825875,0.008015165546472164
696,0.06869981134595586,0.05688386944211075,0.011815941903845113
697,0.06446936387542017,0.06522436755386617,-0.0007550036784459979
698,0.06541588422649279,0.06308314982309227,0.0023327344034005243
699,0.07504485284566927,0.060160532427282795,0.01488432041838647
700,0.06252702540364913,0.12372471217989917,-0.06119768677625004
701,0.06847829301791408,0.05603903674474309,0.012439256273170995
702,0.06850584426048972,0.06211074966163767,0.006395094598852055
703,0.0617178103533487,0.07398018466368547,-0.01226237431033677
704,0.07400175448424387,0.06057254443565508,0.01342921004858879
705,0.0811080745238844,0.049433790469868254,0.03167428405401614
706,0.05984022716145337,0.05097792833161851,0.008862298829834858
707,0.0680837945515644,0.07610662777214793,-0.00802283322058353
708,0.06471421666848175,0.07209555006786231,-0.00738133339938056
709,0.06688961181274199,0.04401250828932515,0.022877103523416834
710,0.06816195498265791,0.049982058430171734,0.018179896552486176
711,0.07785914670795845,0.09346665218815704,-0.015607505480198597
712,0.06341244931130557,0.051606905617809194,0.01180554369349638
713,0.06901998341292669,0.08165816288539487,-0.012638179472468189
714,0.0725788761264879,0.0504899951480417,0.022088880978446204
715,0.06615083219071625,0.06664561127579016,-0.000494779085073907
716,0.06979819292161113,0.07932041715045322,-0.009522224228842094
717,0.06386736048156841,0.05868976345923423,0.005177597022334175
718,0.06915324196165787,0.05437921094431439,0.01477403101734348
719,0.0717064273413496,0.043895729315686756,0.02781069802566285
720,0.07293220695474484,0.0792873844223993,-0.00635517746765446
721,0.06489466208797803,0.04362886171144091,0.021265800376537122
722,0.07203863382480893,0.04877036931357535,0.023268264511233587
723,0.057933559592673725,0.06687734208318051,-0.008943782490506785
724,0.07563275213203469,0.034533515237072814,0.04109923689496187
725,0.06430502644846181,0.09721950672218829,-0.03291448027372648
726,0.06396563696254409,0.06278086744964434,0.0011847695128997526
727,0.06332792676043593,0.05911913860254283,0.004208788157893099
728,0.06464308595951093,0.06253970091674207,0.002103385042768857
729,0.0685808515478359,0.05925855747678246,0.009322294071053443
730,0.07496540843887484,0.027814240629692854,0.04715116780918198
731,0.07273422798365119,0.041378369026964464,0.03135585895668672
732,0.06929687553033129,0.08961261302430722,-0.02031573749397593
733,0.06809339837285212,0.04615426501519752,0.021939133357654607
734,0.07532314504291288,0.05447794010891379,0.020845204933999086
735,0.07105354187122968,0.05207365503768318,0.018979886833546504
736,0.08034001154997392,0.028409441681504326,0.05193056986846959
737,0.062221835849264835,0.072664714539544,-0.010442878690279163
738,0.06693036073255773,0.07540361388153051,-0.008473253148972779
739,0.0648231030143218,0.10017309761115518,-0.035349994596833384
740,0.06117330704382739,0.06678131467253072,-0.005608007628703331
741,0.07334145173117973,0.05332395636110476,0.020017495370074967
742,0.0639071232334988,0.08109841841416575,-0.01719129518066695
743,0.06687784359589863,0.03963283362618774,0.02724500996971089
744,0.06444783748209912,0.060996188228789515,0.0034516492533096035
745,0.06199529628707257,0.07627824519666682,-0.014282948909594244
746,0.06542691160879602,0.07362103990112336,-0.008194128292327338
747,0.07312075767592478,0.03168317067097189,0.04143758700495289
748,0.06241687212226073,0.08216294442831526,-0.019746072306054532
749,0.07668963301022334,0.05664061894457644,0.0200490140656469
750,0.060044210296019924,0.07348953429481678,-0.013445323998796853
751,0.07066237135594103,0.048556314252783894,0.022106057103157134
752,0.06662046373935354,0.06758334102049966,-0.0009628772811461211
753,0.07225919216058058,0.05881152628482702,0.013447665875753557
754,0.06736256953326128,0.06199932628537738,0.005363243247883898
755,0.0729227864933526,0.06353554603830132,0.00938724045505128
756,0.06452754919941785,0.06823993447568429,-0.003712385276266439
757,0.06963147755024726,0.06056337320522222,0.009068104345025044
758,0.05997427701919485,0.059229387298697284,0.000744889720497563
759,0.06365421376677043,0.059623290024068056,0.004030923742702371
760,0.06268542936781774,0.04616836770894558,0.016517061658872158
761,0.07264879611645482,0.06148447035960212,0.011164325756852701
762,0.06300027394163238,0.06244869192323556,0.0005515820183968206
763,0.06089800908466586,0.08436031117458137,-0.02346230208991551
764,0.0630128761589628,0.08879932061575421,-0.025786444456791416
765,0.07044475684740918,0.06997765208943503,0.00046710475797415163
766,0.07536017460089055,0.05488676854529635,0.020473406055594195
767,0.06830212089548317,0.06215052539876841,0.006151595496714755
768,0.06453038858335683,0.029097935744943793,0.03543245283841304
769,0.07433000769314893,0.0770975168117143,-0.002767509118565367
770,0.06691912078339417,0.04068848347496249,0.026230637308431677
771,0.06442413904851989,0.07028115322253004,-0.005857014174010147
772,0.06591310996713966,0.042176112850662535,0.023736997116477122
773,0.0690834275030983,0.06418462517377807,0.0048988023293202315
774,0.06659652877885608,0.088373437108204,-0.02177690832934792
775,0.06903700840565753,0.06355406456489819,0.005482943840759341
776,0.07039152052275684,0.0769111952164105,-0.006519674693653665
777,0.06471113186435738,0.056885383568127966,0.007825748296229416
778,0.07067224269239067,0.05423023055515582,0.016442012137234847
779,0.07136525324232167,0.07874747823375641,-0.0073822249914347465
780,0.06665502140056949,0.06452793256591657,0.0021270888346529154
781,0.06759328779907692,0.07667957864006666,-0.009086290840989747
782,0.06243183721681659,0.0635024926320985,-0.0010706554152819167
783,0.06612759241569617,0.059735785121812,0.006391807293884173
784,0.07740248847903536,0.038777614894868674,0.038624873584166684
785,0.07678313739588377,0.05072252922041378,0.02606060817546999
786,0.06362533431556164,0.059676757837248885,0.003948576478312753
787,0.07427664126816406,0.03575133049800411,0.03852531077015996
788,0.06278217530579074,0.04884196438238324,0.013940210923407498
789,0.07353431546885873,0.05542300200740546,0.018111313461453275
790,0.06659567599313633,0.06269575763674846,0.003899918356387866
791,0.06261822245655303,0.0780805648984022,-0.015462342441849172
792,0.07840030591811638,0.04174092436030746,0.036659381557808915
793,0.061926592832114304,0.07462662008778691,-0.012700027255672604
794,0.06980352423971502,0.04961742320682418,0.02018610103289084
795,0.06607721026668008,0.043326713304046784,0.022750496962633295
796,0.055193885144872584,0.09051279118689828,-0.0353189060420257
797,0.07056250659316173,0.0301049200965223,0.04045758649663943
798,0.06340775685614707,0.06315088350528798,0.0002568733508590826
799,0.06761533812916762,0.0665416183902853,0.0010737197388823172
800,0.07149019326051685,0.08819413031256648,-0.01670393705204963
801,0.0812072797589508,0.043160202213496514,0.038047077545454284
802,0.07083945303626482,0.05056628137078681,0.020273171665478013
803,0.06896580369468586,0.07639816276164844,-0.007432359066962588
804,0.07452070930278504,0.045872821561488794,0.028647887741296243
805,0.06345786836418141,0.06713746298665016,-0.0036795946224687515
806,0.06046153854066621,0.0909871113193636,-0.030525572778697392
807,0.06230842375083381,0.0467439897972687,0.015564433953565111
808,0.06365057282135796,0.06980704552530193,-0.006156472703943969
809,0.06804636310938221,0.053950174095260664,0.014096189014121546
810,0.07828407883496706,0.05493275003221315,0.02335132880275391
811,0.06011955467013918,0.06268674537570133,-0.0025671907055621543
812,0.06304669909185101,0.08564911624879235,-0.022602417156941335
813,0.05835379684020179,0.07453676408049509,-0.0161829672402933
814,0.05934575243355193,0.0758133484694098,-0.016467596035857873
815,0.07476494724274996,0.07650090172651108,-0.0017359544837611263
816,0.06018742048264105,0.06766246121367334,-0.0074750407310322856
817,0.054007222225904684,0.10338891158067352,-0.04938168935476884
818,0.07043597257082512,0.10091638846930792,-0.0304804158984828
819,0.07339001242930832,0.03133944654217696,0.04205056588713135
820,0.07601876331285606,0.0637482848746381,0.012270478438217963
821,0.06401520410673996,0.0802624983279008,-0.01624729422116085
822,0.07117413462049388,0.049946680782532386,0.021227453837961492
823,0.07448895594099254,0.0520618036986628,0.022427152242329745
824,0.0640463307545875,0.05206822336630931,0.011978107388278189
825,0.06875727215461322,0.06325073423095748,0.005506537923655741
826,0.07075968445017836,0.028362099762354903,0.04239758468782345
827,0.058877884272612514,0.07432314332536101,-0.015445259052748496
828,0.0644795654210803,0.06401177669168713,0.0004677887293931676
829,0.06523590219638258,0.04007422210262857,0.025161680093754003
830,0.07002183049206845,0.05550589788786055,0.014515932604207901
831,0.07004725239892029,0.06578913865260895,0.00425811374631134
832,0.06654750811115602,0.056257445975075406,0.010290062136080615
833,0.06432418660251273,0.06374168618481191,0.0005825004177008181
834,0.06698671246201823,0.0812369352354747,-0.014250222773456472
835,0.06023601060830529,0.0913730060620093,-0.031136995453704006
836,0.06825188083552385,0.05085632557966336,0.017395555255860486
837,0.07481192391080048,0.03857938590450562,0.03623253800629486
838,0.07455461017619439,0.0655549739467109,0.00899963622948348
839,0.07683937831805525,0.02441190813992672,0.05242747017812853
840,0.062136571583505926,0.07232068510313101,-0.010184113519625088
841,0.06746802798695047,0.052314730041536917,0.015153297945413549
842,0.06964843813116119,0.05017647171109587,0.019471966420065316
843,0.0736075492538513,0.04508791668429848,0.028519632569552818
844,0.06256145935838653,0.06445503320297602,-0.0018935738445894912
845,0.0699049262287012,0.06262585725919642,0.007279068969504782
846,0.07854885753257279,0.05788424367865865,0.02066461385391414
847,0.06508460941322348,0.04802884430849189,0.017055765104731592
848,0.06255874453446299,0.06363102947284476,-0.0010722849383817679
849,0.07003547054221963,0.05594298689021497,0.014092483652004661
850,0.06244844303542789,0.054607249619352476,0.007841193416075413
851,0.05860566622309812,0.07599443649032482,-0.017388770267226704
852,0.07317225815891301,0.08185123841037273,-0.008678980251459717
853,0.0695605118349269,0.0484187055393258,0.021141806295601098
854,0.07678575529347383,0.03901234472712826,0.03777341056634557
855,0.06667746019778469,0.049484056489384295,0.01719340370840039
856,0.06776270508672477,0.08895949349986979,-0.021196788413145012
857,0.07119443808820797,0.08242211885755572,-0.011227680769347756
858,0.07010429378457458,0.053366768794457245,0.01673752499011734
859,0.07249624046059362,0.0499458294101294,0.022550411050464222
860,0.06986288989302333,0.04865507773471499,0.021207812158308345
861,0.07254670803851952,0.059235282991099814,0.013311425047419709
862,0.0610585237480771,0.06698209849559171,-0.005923574747514614
863,0.05388825513849962,0.06749433824913352,-0.013606083110633903
864,0.07235888944690422,0.05884173315641024,0.013517156290493978
865,0.06598952304335166,0.044439458081629996,0.02155006496172167
866,0.06454964048492662,0.07048784959288489,-0.005938209107958267
867,0.06395462464513485,0.07411129047072319,-0.010156665825588343
868,0.05546067222667624,0.07846694594090065,-0.023006273714224403
869,0.06541902449574494,0.08174146639598955,-0.016322441900244608
870,0.06586761411746886,0.05740290222907174,0.00846471188839712
871,0.06699603793078195,0.04459891907156569,0.022397118859216254
872,0.05886121704885092,0.07052383248122276,-0.011662615432371848
873,0.07162145147103524,0.05677526658200469,0.014846184889030549
874,0.06260305771799626,0.05822334935477442,0.0043797083632218445
875,0.06368742923607434,0.06834559869427581,-0.0046581694582014666
876,0.0706462992216651,0.03612492627236185,0.03452137294930325
877,0.07535046082580904,0.03810520035944566,0.03724526046636338
878,0.060528816047450446,0.07236959977173553,-0.011840783724285084
879,0.0719989527738243,0.047209240239799596,0.024789712534024705
880,0.0646294987741321,0.057729852097159605,0.006899646676972494
881,0.06252878312882237,0.069393459787081,-0.006864676658258628
882,0.06740403073088716,0.08202575612631602,-0.014621725395428858
883,0.06395293498873336,0.06442754353649748,-0.0004746085477641132
884,0.06412569026690816,0.059424140333471584,0.004701549933436577
885,0.06388503581664967,0.0521628072158208,0.011722228600828874
886,0.07189836600336301,0.031383092811610315,0.040515273191752695
887,0.0655867986186565,0.06826690065061884,-0.002680102031962339
888,0.07157964936889939,0.0714032416056499,0.0001764077632494948
889,0.06403685048410383,0.09031413948959062,-0.026277289005486787
890,0.06997576401457233,0.08554118717727115,-0.015565423162698822
891,0.06019653384313316,0.04937422923443201,0.01082230460870115
892,0.07489920719453907,0.06716804995345929,0.0077311572410797835
893,0.061162868655398224,0.06161653951114015,-0.000453670855741925
894,0.06246066575041233,0.12050757675612565,-0.058046911005713325
895,0.06804757886765603,0.09048620396730046,-0.022438625099644435
896,0.075360903384516,0.045673365569146356,0.02968753781536964
897,0.07449839492026411,0.06877426386329626,0.005724131056967854
898,0.07745066719889615,0.04738717824766573,0.03006348895123042
899,0.06262408170239218,0.03503222473287904,0.02759185696951314
900,0.06509685089877759,0.09334983906398876,-0.02825298816521117
901,0.07573147053823728,0.05056163188821197,0.02516983865002531
902,0.06689170941226288,0.05960786685654378,0.007283842555719101
903,0.07297787325178633,0.06091104164259747,0.01206683160918886
904,0.07183604640382497,0.04230620438394533,0.029529842019879647
905,0.07017328299544465,0.05879678007126104,0.011376502924183608
906,0.06528733768439778,0.07345027770257952,-0.008162940018181741
907,0.06611997458015179,0.08270305992323655,-0.016583085343084766
908,0.057290883202985185,0.10398340671297124,-0.04669252350998605
909,0.07075529629954393,0.043645114490430646,0.02711018180911328
910,0.062099620307737254,0.07282556518935354,-0.010725944881616288
911,0.0631413910594818,0.12996616926788507,-0.06682477820840327
912,0.06958919457698143,0.05027355672652834,0.019315637850453087
913,0.06894310331721885,0.07020431870658941,-0.0012612153893705597
914,0.06143807277485463,0.08237966367775679,-0.02094159090290216
915,0.06384944103794164,0.07739429964792575,-0.013544858609984112
916,0.0631071443912694,0.04105560485109911,0.022051539540170285
917,0.06585299091130624,0.05937224042193051,0.006480750489375728
918,0.0774176773973104,0.043032315773462476,0.03438536162384792
919,0.06639036090724205,0.04948241663972215,0.016907944267519903
920,0.06720747689246992,0.041092723794042434,0.026114753098427486
921,0.06009340367300787,0.07685376871993475,-0.016760365046926885
922,0.06320477817472557,0.06646572917462439,-0.003260950999898815
923,0.060609776706665584,0.06649405805495648,-0.005884281348290894
924,0.059149419276893454,0.048899467242121526,0.010249952034771928
925,0.07125698309184642,0.0896140819597974,-0.01835709886795099
926,0.07286814757666724,0.05559189552626544,0.017276252050401793
927,0.06109954428070373,0.05781043185742221,0.0032891124232815178
928,0.07084876849224496,0.052493094814808544,0.018355673677436415
929,0.06305445819720416,0.07420121331733291,-0.011146755120128748
930,0.07079769685522876,0.06993356053882654,0.0008641363164022114
931,0.060574038912751836,0.06425671182020085,-0.0036826729074490097
932,0.0609113458966591,0.051637052245940174,0.009274293650718926
933,0.06661440405415654,0.06441681630625108,0.0021975877479054606
934,0.06407470417845532,0.07208252556126035,-0.008007821382805036
935,0.057968804866518224,0.07470108375216722,-0.016732278885648995
936,0.05789048525839288,0.09676168106008314,-0.03887119580169025
937,0.06773028541152151,0.06979898659908175,-0.0020687011875602374
938,0.06868923409612376,0.07081179593484678,-0.0021225618387230166
939,0.06349886042203313,0.08741598538442458,-0.023917124962391442
940,0.060678496004716684,0.07492781663816901,-0.014249320633452328
941,0.06578803926041796,0.0605970245387756,0.005191014721642358
942,0.06167752383908155,0.0690034681865999,-0.007325944347518348
943,0.07115628414466023,0.05989779597407378,0.011258488170586452
944,0.07608178828806064,0.06482444570463006,0.011257342583430585
945,0.06380859609259609,0.04781124783974882,0.015997348252847272
946,0.07297218412591822,0.04378953170023515,0.02918265242568307
947,0.07409747324166556,0.0572234664976261,0.01687400674403946
948,0.061836593944090204,0.05487480169306468,0.006961792251025521
949,0.06827447664400742,0.06315011319715458,0.005124363446852839
950,0.07052042419706855,0.07644661552386665,-0.0059261913267981
951,0.06173739652237251,0.09691446581782082,-0.0351770692954483
952,0.07426212995687735,0.11090132216695661,-0.03663919221007926
953,0.06062558344051213,0.07318610093254656,-0.012560517492034427
954,0.061833036412961895,0.07901209206948358,-0.017179055656521683
955,0.06647808719132851,0.04796052979211179,0.018517557399216726
956,0.05852168555599893,0.08886080695674703,-0.030339121400748098
957,0.05876553770396096,0.07835993888748706,-0.0195944011835261
958,0.06403389328725669,0.08466184552498084,-0.02062795223772415
959,0.07721467692801763,0.0648281711047357,0.012386505823281935
960,0.05870700270515423,0.06306597010657014,-0.004358967401415913
961,0.061993712949921065,0.04949695933070056,0.012496753619220508
962,0.0625554951420568,0.0746472169096289,-0.012091721767572103
963,0.0723213922943001,0.060553801076658274,0.011767591217641822
964,0.06604045777209168,0.050786466026211716,0.015253991745879963
965,0.07452703337776607,0.04962857439922424,0.024898458978541836
966,0.06737154580753134,0.051796825044408794,0.015574720763122545
967,0.0575171368343234,0.0646763775239167,-0.007159240689593296
968,0.06965650262954291,0.06389354724757164,0.005762955381971274
969,0.06935220236484357,0.09080801762158892,-0.02145581525674535
970,0.058414171059977045,0.08781978050229619,-0.029405609442319146
971,0.05760338130088476,0.0887582862526722,-0.031154904951787438
972,0.0695286688415591,0.06972496832665984,-0.00019629948510073436
973,0.05404670415750985,0.08700528299497455,-0.0329585788374647
974,0.0685580595085354,0.08123105702636613,-0.012672997517830728
975,0.06609815474558925,0.08909421281352013,-0.022996058067930883
976,0.06576365111581867,0.06300516129922315,0.0027584898165955163
977,0.07370836172802879,0.07260831294965009,0.001100048778378701
978,0.06871346617223091,0.05924620388786381,0.009467262284367103
979,0.062028250548425534,0.04716712010014212,0.014861130448283418
980,0.06099834006237456,0.061536048401221254,-0.0005377083388466916
981,0.06803025130572309,0.07149071708402917,-0.003460465778306082
982,0.0603363533463109,0.09582670513145776,-0.03549035178514686
983,0.06866187243985698,0.06488125525832192,0.0037806171815350648
984,0.0628829896951171,0.08998086212212467,-0.027097872427007563
985,0.07254780732511613,0.10323994674905732,-0.03069213942394118
986,0.07657368854558809,0.04547485058426601,0.03109883796132208
987,0.06716029597256183,0.06284542828256613,0.0043148676899956995
988,0.07260132615604029,0.04590640617096676,0.026694919985073527
989,0.06772526203896928,0.07485062171338658,-0.0071253596744172976
990,0.06751135367247754,0.06397692076510064,0.0035344329073769
991,0.07048393743270459,0.06980656847884781,0.0006773689538567829
992,0.05961142869824481,0.047165352449377584,0.012446076248867226
993,0.06608120816503422,0.07377596941667396,-0.007694761251639731
994,0.06980919160462014,0.06235660338774993,0.007452588216870205
995,0.0632031425184758,0.06332508256140397,-0.00012194004292817584
996,0.07290298740252683,0.09132071351236028,-0.018417726109833443
997,0.06823372823774077,0.05320962112758928,0.015024107110151487
998,0.07712728316771521,0.05795792461070183,0.019169358557013377
999,0.05851791349556639,0.07613377433827097,-0.017615860842704577
