,0
0,2.3388121230758297e-07
1,-1.7790549595298388e-06
2,-9.78782947090297e-07
3,7.0292860156518405e-06
4,-0.00012106500180687231
5,-4.472881065211937e-09
6,8.515791871166016e-06
7,6.1450175537072565e-06
8,-9.903279597133025e-06
9,-9.06411908574626e-06
10,4.8929292443267305e-08
11,-2.0308850222041387e-06
12,-2.611116017992501e-06
13,3.9531481209113426e-08
14,8.477672259034256e-07
15,9.981115871459957e-09
16,4.4602002490834575e-08
17,3.1777130147824353e-06
18,-2.8993419387673007e-06
19,9.25241495805507e-06
20,4.05755313616194e-07
21,1.4861030791071289e-05
22,-5.139189782525622e-07
23,-2.289839451008732e-06
24,5.328386034425828e-07
25,-1.798900614049305e-06
26,2.1315188136487958e-07
27,3.9362732824121136e-05
28,-1.1494513232381974e-06
29,-1.2370087409540832e-06
30,-1.23052930972142e-07
31,2.9246023968106894e-06
32,-1.4091701628599192e-06
33,1.5708879091512946e-06
34,3.140361318037518e-06
35,5.906541207520513e-08
36,2.655402132727886e-06
37,4.8090357256028785e-05
38,-4.1123585397057033e-07
39,-8.675819184575377e-06
40,-1.1078686735178623e-09
41,-3.086843061267385e-06
42,-1.2371046268646475e-05
43,-1.6588020244692866e-05
44,-6.411371261072517e-10
45,-2.0267880435180625e-06
46,3.226666300323301e-06
47,-2.0273050046823818e-07
48,-8.40511920265124e-08
49,3.274255014115662e-06
50,-1.2155651301464e-05
51,-1.8118254706701636e-08
52,-1.1013444198362748e-07
53,6.638688254299377e-07
54,-1.4303378042646349e-08
55,-7.28839927179209e-08
56,-2.2711423043407274e-06
57,-7.286186676572172e-06
58,1.271168412407427e-07
59,-3.3568865303336933e-07
60,-3.814568495951065e-10
61,-3.4001361293272056e-07
62,1.5865782234547357e-05
63,1.0866584592125048e-09
64,-5.777642805694606e-07
65,-5.906944460477906e-06
66,-6.403360202155977e-08
67,-1.272300664953251e-06
68,5.689971128604898e-08
69,-1.2703475603970235e-06
70,7.38469770389311e-08
71,-2.8773079932372074e-08
72,-5.940301312401148e-07
73,9.41424761283157e-06
74,-1.7049643323158802e-06
75,5.549071922110705e-06
76,6.637049184643337e-06
77,-1.0966335445376483e-08
78,1.6272188136128937e-09
79,-1.5041982942758717e-06
80,-1.4921485065296798e-06
81,-4.060398489618859e-08
82,3.156348339364881e-06
83,7.243445246717447e-07
84,-6.221508384652099e-06
85,2.0748520597376465e-05
86,1.6714813275523963e-08
87,-3.811450989027995e-05
88,-2.1856224734341507e-07
89,5.402060613206569e-08
90,-2.2033588875529837e-07
91,1.870246125917162e-06
92,6.396875746175228e-08
93,3.112863058311737e-06
94,2.754851920576574e-07
95,4.2313825401921397e-07
96,-4.049585187491849e-08
97,-5.238603264057454e-06
98,-1.7415907012301852e-06
99,-5.778096589313886e-07
100,2.539198548923016e-06
101,-4.0999892429308463e-07
102,4.55160351760208e-06
103,2.3467908403374224e-07
104,-8.135282237908424e-07
105,-1.3338115170363597e-07
106,-1.189875731934341e-08
107,-3.171213000078006e-07
108,-2.1011297577276516e-07
109,1.0686711172685142e-10
110,1.8377377124169618e-08
111,2.861790753255873e-09
112,-1.3115254107551218e-05
113,-1.0914303726179308e-05
114,-5.000040929314359e-07
115,-5.145569825919784e-06
116,7.854182760641805e-06
117,-9.060776581134532e-09
118,1.496794717851856e-06
119,3.037089018988056e-06
120,-2.7082390988731753e-05
121,-1.5201872373564243e-07
122,1.4650092982332575e-05
123,-3.126902077694885e-06
124,2.1793777513867994e-06
125,-5.0573488812951646e-08
126,-1.3545900292521811e-07
127,1.064675617454825e-05
128,-4.183283117956324e-07
129,8.237770069088292e-07
130,-5.657789550965543e-06
131,-5.818572402364049e-06
132,2.3434213114365848e-08
133,-1.6036185348056675e-06
134,2.6943734715321714e-09
135,-4.769698229304554e-06
136,3.693239690564219e-06
137,-2.9517616684564957e-07
138,8.785036437771689e-07
139,-2.0165647815701674e-06
140,-2.6417908123922453e-06
141,2.530965185292174e-07
142,-2.630248321407981e-07
143,-1.6538385189290434e-07
144,-1.180953412444948e-06
145,6.9437361234969855e-06
146,-6.07564471317523e-08
147,-1.987676773950296e-06
148,-3.0307988085207086e-08
149,-8.500371782673657e-08
150,6.077840845234964e-07
151,-1.0509960586912433e-08
152,2.5480103519533635e-06
153,-2.207570392894749e-06
154,-6.193506324678565e-06
155,-9.693921178580483e-06
156,-3.793843831647208e-09
157,1.4035992607696407e-06
158,-0.0002197798864667094
159,-3.387657482331796e-07
160,2.6426363188542087e-06
161,-1.3198396226909794e-08
162,2.929935863821798e-06
163,-2.258415132076624e-07
164,-6.188901332523616e-07
165,5.391365637865728e-07
166,6.289165347653176e-06
167,8.797112055717677e-09
168,-1.2510677627707792e-07
169,1.4387336275626967e-06
170,4.399272983739834e-08
171,-3.130969251010786e-06
172,5.363944097323951e-06
173,-1.4268509102223694e-07
174,4.385347475557326e-06
175,2.695489487067823e-07
176,1.931669763967615e-09
177,-6.987521757888325e-06
178,-3.136783583817944e-06
179,-3.599868649406273e-08
180,-1.2072271381001452e-08
181,1.3496606702544315e-07
182,1.4462562378759567e-05
183,2.7823709494203207e-05
184,-1.043852969943681e-06
185,3.622300772695283e-05
186,-1.4486852277494725e-08
187,2.8015751144594414e-06
188,4.673312851295659e-09
189,2.118136017524647e-05
190,-8.47082967330075e-06
191,-2.0064402851303926e-06
192,-9.338669182275038e-07
193,8.753289977995111e-08
194,-1.7681637878135372e-05
195,-1.24106384005777e-07
196,6.841670676584554e-07
197,7.251352933827195e-07
198,-1.5812241882418345e-06
199,-8.616890197556098e-07
200,-5.613793806446455e-07
201,-7.066708838764429e-07
202,6.175264588653873e-07
203,-7.244770666968953e-06
204,-1.7952721472154886e-06
205,2.4214820378425585e-06
206,5.2344098333246684e-08
207,2.941201130316858e-06
208,7.368639226843383e-06
209,-8.300944873071275e-08
210,2.6523159117191394e-05
211,-1.5877004380828626e-06
212,1.0999349958259345e-08
213,-2.1577270054445728e-05
214,9.468333176679677e-09
215,2.818183078348322e-06
216,-2.3796585124409935e-07
217,9.842781870002538e-08
218,-9.606243709688673e-07
219,-1.991011449504968e-06
220,-4.2673421769787714e-06
221,1.1009327371891765e-06
222,6.992948759642689e-07
223,7.376850449909857e-09
224,6.052980859403663e-07
225,2.273943386220338e-05
226,-1.1777468569361662e-07
227,1.4799246923854413e-06
228,-2.33974788555532e-06
229,7.085329338178679e-07
230,-8.04512151817736e-06
231,-9.070784092930642e-08
232,1.735821164204336e-05
233,-7.154260946478343e-06
234,-4.52429400427079e-06
235,-3.588259126106285e-08
236,1.059745550353192e-07
237,-9.193194434763638e-07
238,-3.6003676070421265e-06
239,5.9116009369902906e-05
240,-1.4202207426863343e-06
241,-6.15717267857498e-07
242,7.103222428117644e-05
243,1.7531621715733317e-07
244,3.699212242720617e-10
245,2.69958402351549e-07
246,8.165997585899768e-07
247,-1.2161494397089619e-05
248,5.72399694743834e-07
249,-1.8487569342943207e-05
250,-1.4454628692553156e-08
251,-1.052795718024258e-06
252,-3.930136547076564e-06
253,-4.757228917689854e-06
254,5.829665239597392e-07
255,1.5166783009774801e-06
256,-1.568634858902687e-06
257,-5.911464952738904e-07
258,-1.0850827694711615e-06
259,4.8382967213477885e-06
260,-1.7591716660038686e-06
261,-1.609700897592693e-05
262,5.597689848512075e-07
263,3.557526828608609e-06
264,9.18851819228929e-06
265,5.448614510075779e-07
266,1.4764971029350643e-07
267,8.107678338763697e-05
268,-3.6110712822772446e-05
269,-7.625306624356519e-07
270,-4.606954841294047e-09
271,4.658245605223847e-06
272,-5.018676105362598e-08
273,-4.6362529897183083e-07
274,-3.6525596825367263e-06
275,-1.5109048665077866e-06
276,-8.543085015548784e-08
277,1.276806958869029e-06
278,1.2381506310204859e-08
279,8.476152486641784e-06
280,5.389522073898886e-06
281,3.923932374174392e-06
282,-7.5116955848535454e-06
283,-1.2013500859852821e-08
284,-1.753317369993172e-07
285,-6.765475546459121e-07
286,-1.933588678101662e-05
287,2.4129572653829175e-07
288,1.8615707202027102e-07
289,3.823172887866762e-06
290,5.486609279026979e-07
291,-3.9833315145690745e-07
292,-4.291970814890675e-07
293,3.415614267266716e-07
294,-1.7499451185226326e-06
295,1.4170659570671024e-07
296,-1.4524217941729427e-06
297,4.033997930536474e-10
298,-2.0016268452206805e-10
299,3.514235681696382e-07
300,-5.6410164878159655e-06
301,-4.642004627174996e-09
302,1.4248619830122303e-05
303,-2.3046131217999027e-07
304,7.980493252579668e-08
305,2.206981120377437e-06
306,-2.8902179127272934e-08
307,1.3279672909107623e-08
308,-2.0337363917466236e-06
309,1.2251756653284358e-06
310,1.2733487161024989e-06
311,-6.449033133369943e-09
312,2.5571327997589643e-05
313,4.667789185767282e-09
314,1.2799975406028133e-05
315,-1.1836089248429098e-06
316,-4.257596722107968e-06
317,2.507335505166844e-07
318,1.6574637317908382e-05
319,1.6851876088766074e-06
320,4.047754885199817e-07
321,1.6224415257826205e-08
322,-1.6064701188108759e-06
323,5.576223746960758e-08
324,3.744387733980133e-06
325,-4.15862296032584e-06
326,-3.6776516442392903e-07
327,1.2527237714426602e-07
328,-5.433511824476467e-06
329,-1.907337294946691e-07
330,2.5494064794962122e-06
331,-7.996594278825566e-09
332,-1.1772547162646761e-05
333,-1.0370740462298028e-05
334,-3.4600777546596845e-05
335,1.0576332045897065e-05
336,4.785889824572902e-07
337,1.1541550980754003e-07
338,-9.531045243705257e-07
339,-7.9900113599234e-12
340,-2.0336167710814916e-06
341,-1.3152174672812597e-07
342,-2.6851255826303566e-06
343,-8.530579669653803e-08
344,-1.7653252884703196e-07
345,-7.801547616617611e-07
346,4.4556175558385503e-07
347,-6.62651545870163e-08
348,2.4269886453549746e-06
349,1.334885068638261e-06
350,-8.561130575712506e-08
351,-4.275074500058788e-05
352,-2.820855926518708e-07
353,4.766334999736086e-06
354,2.2008248431305e-08
355,-1.4151448204621645e-07
356,3.9564438485727685e-06
357,5.189887585032015e-08
358,-9.7677032565863e-07
359,9.373545162842618e-06
360,-1.4350341655147192e-06
361,7.659450136452608e-06
362,-1.3057404544264991e-06
363,-2.4944872959301533e-07
364,-6.3021590022597085e-06
365,2.6713104128886174e-06
366,1.0147783046072773e-05
367,4.2228712461994345e-05
368,-8.288467343535862e-10
369,-7.72569524611235e-09
370,2.9605508697763786e-06
371,-2.162881237212941e-06
372,-2.7406194212322625e-06
373,-7.142142788221645e-07
374,-2.7202015353216597e-07
375,-4.685260141886286e-08
376,-3.873418405259673e-06
377,2.334956695843575e-10
378,1.4943042582352903e-08
379,-9.247732284214161e-07
380,-1.1601141236700126e-06
381,-5.240822633282246e-06
382,2.6772922043680664e-09
383,3.4926260459482425e-09
384,-1.941033491870113e-05
385,-5.953813519643625e-06
386,-8.001283899357517e-07
387,1.3689077115845091e-06
388,8.263817378324098e-07
389,1.0680540598639752e-08
390,6.18506724169834e-07
391,2.3217940690407996e-08
392,7.228057597085149e-06
393,8.840293844118774e-06
394,-6.38945007034045e-06
395,3.0671432712512712e-06
396,-6.653644796076504e-06
397,2.7485911542291178e-05
398,7.631204401175627e-09
399,-2.297389979579561e-06
400,-1.3946517102250705e-06
401,4.5368908318543334e-08
402,-5.422775537415084e-07
403,9.403696786692588e-07
404,-9.331040849618998e-06
405,-2.390320750320266e-06
406,1.499898286762164e-07
407,-4.980985522049679e-06
408,-8.100480389722348e-06
409,4.364799589795121e-06
410,2.004010137311445e-05
411,-2.182521567384691e-06
412,-2.779022093797733e-08
413,4.6531869838427636e-06
414,-1.2716333648617467e-06
415,1.5988947730803946e-07
416,-1.0533632769644284e-08
417,-6.753686839047646e-06
418,-9.406401843211273e-08
419,1.4734893550687006e-07
420,4.0644032933156154e-05
421,1.9291052091771142e-07
422,-4.408778227558017e-07
423,-2.939199363935955e-07
424,-9.13082818470645e-08
425,2.420196079764654e-06
426,3.3032707206652304e-07
427,4.816133009069009e-07
428,-1.785055622438444e-06
429,-8.122894409300027e-08
430,1.1216035999447417e-05
431,-1.0888703240324894e-06
432,-3.944468383466661e-06
433,-3.8306045877224785e-06
434,-9.305910797588959e-07
435,1.368397722125937e-06
436,8.3258051626785e-09
437,6.827793194525403e-08
438,-1.5381960190355195e-06
439,1.1289791296265593e-07
440,5.488702166581516e-09
441,-2.2136598328819625e-06
442,2.52781350873328e-06
443,1.6573374358958078e-06
444,-2.7539194083625357e-06
445,5.911763680071867e-07
446,-2.7190143685426247e-06
447,-2.8333423941308423e-06
448,5.399583284338273e-06
449,-4.5765109852933145e-06
450,7.65816025194461e-06
451,1.3492193667402906e-08
452,2.266634200240088e-06
453,-4.895367709884927e-05
454,8.872869357895531e-06
455,-4.227528464054076e-07
456,1.3544343119062027e-07
457,-3.991794267479305e-06
458,5.771589578716254e-09
459,1.038541674107536e-05
460,-2.0905288345654092e-06
461,-8.330895443360093e-10
462,-2.2270977238875248e-07
463,-7.672166394980274e-06
464,-5.664388455906543e-08
465,8.207962749534594e-06
466,4.143470506973563e-08
467,-1.1261523165017611e-07
468,-2.4606368439646042e-06
469,5.616785501460688e-05
470,-2.821570712305308e-06
471,-1.3927664598037847e-06
472,-4.574311592363564e-08
473,2.1103092006306595e-06
474,-2.2691200711056187e-07
475,6.462688313703647e-05
476,1.1148233592098482e-06
477,7.529134619838022e-07
478,-1.9241178969878285e-08
479,-2.7224326655659413e-05
480,1.2029213941235065e-05
481,-9.72799357496331e-07
482,-1.0869673080749963e-08
483,4.355983527271377e-06
484,-8.741927813300806e-08
485,-9.593192637579917e-09
486,2.8335683633311606e-07
487,-8.926552332939377e-07
488,-9.407316141237533e-10
489,8.318699270715495e-06
490,1.7955622232102912e-07
491,-2.4463110727368684e-06
492,1.0924864027390841e-07
493,3.9795327562929514e-07
494,8.30861730494047e-07
495,1.5516486792290891e-06
496,3.335956004994974e-05
497,9.585467496658456e-06
498,4.894921850199022e-07
499,-3.4626366832498136e-06
