,0
0,-0.014408748437041732
1,-0.0005978355077385852
2,-0.013456696856078795
3,-0.007036453346949467
4,0.005270662983531738
5,-0.01450847069949647
6,-0.004236890411578466
7,0.009051741036867907
8,-0.0009634079897538339
9,0.0018020450526673032
10,0.00033675674914675907
11,-0.0024676031215147692
12,0.01240435923846149
13,-0.0012191838072408076
14,-0.010839682115245441
15,0.0033399720477490166
16,-0.003912128956281083
17,-0.0021814033708106306
18,0.01395924358710357
19,0.01570004649595967
20,0.006549605849316513
21,-0.009204398593560627
22,-0.030160383060509107
23,-0.019666772009562322
24,-0.007723392551436836
25,-0.018913131177950578
26,0.014523203232553378
27,0.021776912547988733
28,-0.008964942837074143
29,0.010654589461469771
30,0.00805530755850345
31,0.025088507734236383
32,-0.003961307351449478
33,0.002096495424791872
34,-0.018036279379820497
35,-0.0067283314238802475
36,-0.01092287581432156
37,-0.007476575074143864
38,-0.0027631491628219013
39,0.013095686626967806
40,-0.014101251966856361
41,-0.0016039599389898601
42,-0.0010228378341538835
43,0.04234422819265357
44,0.010593578808085945
45,-0.002609480622639243
46,-0.014755971605731215
47,0.01377253032190942
48,0.01912955536607812
49,-0.004074533446642228
50,-0.0042470249003263225
51,-0.01676256277434149
52,-0.015631520801947733
53,-0.008698741781540696
54,-0.0048548376023134915
55,-0.017200624393105116
56,-0.022970556027367185
57,-0.0005510827983064154
58,-0.010692770614607439
59,0.00881156298009552
60,0.001116942716249729
61,-0.02109730750118266
62,0.007141646820414814
63,-0.0022871730403884183
64,0.018679526098977328
65,-0.02305361473698556
66,-0.00675851320365458
67,-0.00574735096339591
68,0.01792064421621263
69,0.010858720186884843
70,-0.010264663452462713
71,-0.004611648572320416
72,-0.0012117516313498375
73,-0.008048635366921159
74,0.003864819143537382
75,-0.007322327966916356
76,0.0017431479690084364
77,-0.021078445683283514
78,1.098542080772702e-05
79,-0.02272220069767729
80,0.004588517108088587
81,0.010124263910063463
82,-0.004249862748245174
83,-0.0055603309448141805
84,0.005415236786877532
85,-0.0115075372479971
86,0.017224072567324618
87,-0.004120378759858184
88,-0.01177913873754173
89,0.006279030194652403
90,0.005123978150794274
91,-0.006223803717534372
92,-0.026522287668067905
93,0.017778084892012394
94,-0.017911821194077793
95,-0.0050095241228854046
96,0.015421860989905667
97,0.012183918653738503
98,0.012619604955212298
99,-0.0015418332707896817
100,-0.01627072421629905
101,0.013856422608341218
102,-0.012437309581936971
103,0.010204258352461928
104,0.031470581193149536
105,0.0008242085226054657
106,0.0033221622383670033
107,-0.00399440906595875
108,-0.006376047813486985
109,-0.007931664234155138
110,-0.009756009743543619
111,-0.017253456839902755
112,-0.007367429653968811
113,-0.008652793842519005
114,-0.014937444961212264
115,-0.002356212327106741
116,-0.0038398742820373935
117,0.016092439409292197
118,-0.010426256180410792
119,0.003950537445926945
120,0.02099933282966967
121,0.004274518890869106
122,0.006978265392415965
123,0.0021143273806405044
124,-0.009840492703505739
125,0.0034653919728962895
126,-0.007880326720798997
127,-0.011978962856825877
128,5.4180770918475785e-05
129,0.006290174760466415
130,-0.009796947127663568
131,-0.005225781021341164
132,-0.013757044256831413
133,-0.009900365198779133
134,-0.018126706004549673
135,-0.012720293234290476
136,-0.0037419258111407033
137,0.0055313861310706675
138,-0.00911946178874612
139,-0.013944976053451331
140,-0.009122424707350543
141,0.007151215386754221
142,0.0017886166569658982
143,-0.01540230403146766
144,-0.011952318261921092
145,-0.008378271643747805
146,0.008400776999369322
147,-0.021222356703914785
148,0.02381196734034939
149,-0.013531239063939337
150,0.0009131446943109467
151,-0.010008563893569224
152,0.00379378668798442
153,0.008825795351163152
154,0.018633965369093036
155,-0.01405402831908266
156,0.007549210007272038
157,-0.011201337125172368
158,0.009073744289785926
159,-0.004259990633571402
160,0.015372670302683342
161,0.021057619338220902
162,-0.0032306287067475417
163,-0.02571132446919342
164,-0.003520851869570775
165,0.028088828643287066
166,-0.0008185830636071798
167,0.003112826696486909
168,0.027554088104625396
169,0.0036739283933835826
170,0.023514669045359204
171,-0.01769070784792525
172,-0.008211675458351393
173,0.009821859934492506
174,-0.0018997359691274932
175,0.0039683415330598396
176,0.0096818943971295
177,-0.007053723353976596
178,-0.0007120229691252172
179,0.007206427525990801
180,-0.014327993916293788
181,0.00751570623645767
182,0.010066655435619451
183,0.016734662192230923
184,-0.02113470486514435
185,-0.010193913898847967
186,0.003405623483766551
187,-0.007012457401113871
188,-0.007884678252800058
189,0.010911846128073846
190,0.0014620921415637034
191,-0.014755632397693407
192,0.012429308001273627
193,-0.037152848021716776
194,0.0046115785197288345
195,-0.011743591290894688
196,-0.007935437394306358
197,-0.012711460808409077
198,0.003425523120022589
199,0.010473840688382648
200,0.028103907553032943
201,-0.014434306336360135
202,-0.007143577926572581
203,-0.015884510983715676
204,0.000525293326165889
205,0.00799510740951312
206,0.006082952048891373
207,-0.004364459709276493
208,0.005616238963648559
209,0.014130198802570527
210,-0.002180520706529049
211,-0.01146724259088059
212,0.0065214151502198045
213,0.002474121690167523
214,-0.028312890300608955
215,-0.0058717865529521115
216,0.003171635040963565
217,-0.0046143222030098005
218,0.009141233782822424
219,0.00015296326858409148
220,0.030671539325015144
221,0.016704508608895996
222,-0.020416709379845664
223,-0.008725273089168716
224,-0.0016781657156763885
225,-0.0021659697476327233
226,0.008634803394915298
227,0.006854473895278275
228,0.005187570766591855
229,-0.012509836292202682
230,-0.004700650159900312
231,0.010196966180744317
232,0.003636846511308689
233,0.0004446327061442615
234,-0.007906674868669313
235,-0.003447487542397966
236,-0.009372625829633045
237,-0.003217227433634874
238,-0.004537781735582731
239,-0.004095129661357964
240,0.007028225553736701
241,0.02837253358660735
242,-0.007318625672764513
243,-0.022815438349466213
244,0.004350201473775343
245,-0.004767283658748268
246,-0.0011913397424769094
247,-0.011537905558539258
248,0.012112481371872916
249,0.007675614405296537
250,-0.01637880161561469
251,0.0014914048327206164
252,0.009493790883616057
253,0.015706242726653198
254,0.04505217268638419
255,0.002404925681443952
256,0.0037048360127970026
257,-0.005556058674570083
258,0.004291854981541485
259,-0.021746036338157894
260,-0.0017316009548398528
261,-0.01249203656651024
262,-0.01508558246779837
263,-0.014849390926639672
264,0.0024043465181528
265,0.011342607901622108
266,-0.003101457629145852
267,0.011486880661968644
268,0.0025486212398938488
269,-0.0039226569502850694
270,-0.02439314326314644
271,-0.00921306973860369
272,0.004034390888725044
273,-0.0028072708000482505
274,-0.0013229980913183476
275,-0.00939086242125782
276,0.007318466849426435
277,0.003161914566847668
278,0.007278247642126201
279,-0.008937861460740305
280,0.017889666280396607
281,0.0038029208623124103
282,-0.002752924461565033
283,-0.003860173090750492
284,-0.006904336598373771
285,-0.0031376779500142324
286,0.00540939222005947
287,-0.008443720539642631
288,-0.010088858481023096
289,-0.001768464393061088
290,-0.021651110433452404
291,-0.004933795401504723
292,-0.0021124642792931247
293,0.03077407583218803
294,-0.007137655625216288
295,-0.020427080421930817
296,0.0007152477098059246
297,-0.016623915861806192
298,0.013761912732757509
299,-0.013932168233759076
300,0.002955420024159522
301,0.012139187116694643
302,-0.004998781415770828
303,0.0041172927745128235
304,-0.004265411152833749
305,0.003752977923626624
306,-0.009802163804817257
307,-0.01914360255822159
308,0.008831908994266599
309,-0.007595075758532899
310,-0.015937165398226136
311,0.000970035153608946
312,0.008017844487601535
313,0.005094038781957029
314,-0.01207981913429694
315,0.012061733861599401
316,-0.008244250164443918
317,-0.009424489427157533
318,-0.005610461280191499
319,-0.012198994988375397
320,-0.007202242588974561
321,-0.008983957433291216
322,0.01292231526186801
323,-0.015824570770592544
324,0.00681848922561816
325,0.013123377088994283
326,-0.01521728007418309
327,0.021538629368365064
328,0.014444020466764892
329,-0.009588615189805343
330,0.019033701351865683
331,0.0008023813876245206
332,0.004069243734773034
333,-0.022647218799873525
334,-0.01628602806855448
335,0.0066852151181799185
336,-0.0073817078770118325
337,-0.011613891330252896
338,-0.025133440826816678
339,-0.0109860631012915
340,0.028171040927736438
341,0.0010297705910508465
342,-0.0039041744421921126
343,0.013980596040899088
344,-0.003442742902569969
345,0.006173828171020294
346,-0.005893763798512551
347,-0.006780645037616023
348,0.007139837490386443
349,0.0003176351607499586
350,-0.001960809049460062
351,0.008324038119993164
352,0.002643752728011657
353,-0.0009323104174085162
354,-0.022734887763901944
355,0.012408231251086727
356,-0.027359111929103355
357,-0.007823651448355541
358,0.0075524702897231885
359,0.018799219827181107
360,-0.0038206666695195235
361,0.011990929969519733
362,0.0170712066175363
363,0.023577396457036992
364,0.0014397695297883387
365,-0.02005646762085242
366,0.013993672919121042
367,0.0009764726738144963
368,0.004801757074990726
369,-0.01311276036004519
370,-0.005559439156707299
371,0.006568336307911808
372,0.002409117130130728
373,-0.015679037860789155
374,0.00684429610094954
375,0.00040345492080388207
376,-0.006795049236662267
377,0.016595853945670848
378,0.025798415274115617
379,0.000734518431699839
380,0.017870148682232495
381,-0.0025351273349735193
382,0.015471265981568234
383,0.020676613520732114
384,0.03385790866885882
385,0.013421762722334397
386,0.004569244358974656
387,-0.008372236798516196
388,0.001222989433012897
389,0.011702470840576643
390,-0.004961777429899443
391,-0.01393409134539872
392,0.002938390550804651
393,-0.01753263356194462
394,0.0026598808574254673
395,0.000819151569720046
396,-0.004690162000246259
397,0.002829131604837512
398,0.00065001048724532
399,0.002073939613665067
400,-0.0006650926467144727
401,-0.017417175304661792
402,-0.0056187216209340266
403,-0.0037768320290666527
404,-0.00585368101518579
405,0.008346101423191143
406,-0.0027979278845175447
407,0.043917192381184855
408,0.014850775125982731
409,-0.002320354577362793
410,0.0037287844387432906
411,-0.010754651760903233
412,0.003185165484623824
413,0.013647410684662221
414,0.0008432902084904853
415,-0.010141198516365746
416,-0.017145229971176935
417,-0.0004961195653743131
418,-0.00569761194334692
419,-0.0027202449400548084
420,-0.0008471410086735576
421,-0.00941326063258481
422,-0.007245189778249804
423,-0.025944668878169024
424,-0.00784829405034495
425,0.00011754227310537685
426,0.0017334339699435972
427,-0.0014369916852972134
428,-0.004544209901188853
429,-0.00016518441201399114
430,-0.006904394844540487
431,0.009695128423579273
432,-0.0029287749225699253
433,0.030294141340416768
434,-0.012780595658523672
435,0.017543083151711915
436,0.019552277047525143
437,-0.014071152712071214
438,-0.011952947563323033
439,-0.012161061801775952
440,-0.0038790890831304978
441,0.0028874288273411167
442,-0.017599194974361736
443,0.017654237285976156
444,0.011333503575209139
445,-0.0007362518796613093
446,0.0002114014336106959
447,0.013772507200864294
448,0.033452865833405745
449,-0.009219115838479224
450,0.01316680603586122
451,0.01474936842947188
452,0.0251714183974103
453,-0.0036241779191834717
454,-0.0019470892981768642
455,-0.00045381754736586316
456,-0.009420324766466759
457,-0.005857154180160987
458,0.029023477491602702
459,-0.032721678676863424
460,0.009075221739273276
461,-0.007655301410833419
462,-0.015082635816082858
463,0.02000529243943315
464,0.0107566982921624
465,0.0017127689016574535
466,-0.013230843615477494
467,0.0019947036113748054
468,-0.0062019280204309996
469,0.01164434197354023
470,0.011771008943320553
471,-0.00804282778117324
472,0.006058406421028367
473,-0.025358062035381247
474,0.0014724122989770577
475,0.014165305987478213
476,0.0034719981998275265
477,-0.011211093686218664
478,0.030950652753268623
479,0.007012590426043887
480,0.00035591343744476034
481,0.02855074244948745
482,-0.012411404836960765
483,-0.008426824656155352
484,0.0254677510957508
485,-0.025027527196148293
486,-0.012163439817627165
487,0.0021899406349595793
488,-0.004859473007262638
489,-0.018168994813396195
490,-0.022225930077786497
491,-6.990683747670756e-05
492,-0.01097147951048072
493,-0.00019642074515729274
494,-0.0025904244044489683
495,0.008014893360933951
496,0.01214793055112838
497,0.002666420818389005
498,0.017933059055329346
499,-0.0020196630453293146
500,0.023062369537841312
501,0.0021955680973636954
502,-0.011009045830930514
503,0.026312210909673367
504,-0.008832337228429882
505,0.012613471703593074
506,0.009965918321973674
507,0.008040149640461472
508,0.003343827726527769
509,0.04550802579614112
510,0.009058050443337018
511,0.009452121011373986
512,0.010810624026421467
513,0.026518514071124488
514,-0.00825405107089526
515,-0.008063374558893027
516,-0.009476396059458783
517,-0.019616236019597826
518,-0.0022998321616782905
519,0.002858165090551243
520,-0.006486469623859389
521,-0.007405002653224434
522,-0.008413953882061682
523,-0.030606614660128397
524,0.004366416318575372
525,0.0062389554003133285
526,0.007648521766906495
527,-0.018885163244529116
528,0.03147878277887076
529,0.020609762516472986
530,0.005376921725520636
531,-0.01518853235667611
532,4.265221502368702e-05
533,0.0013104538696323415
534,-0.010453064887995744
535,-0.020483330416358213
536,0.010599533143208204
537,0.004498673142805852
538,0.002146620444163694
539,0.009237085481875941
540,-0.00874982534114891
541,-0.023574184829731528
542,0.00801765618105714
543,-0.009153497905821407
544,-0.0007367634755518215
545,-0.0035663682905647046
546,0.0035138447351738544
547,-0.005149239457642091
548,-0.004334087315712748
549,0.001821389805272633
550,0.00639559845573346
551,-0.0055359549469884
552,-0.019221559994459007
553,-0.0026397645425121907
554,-0.002214822928637429
555,-0.00706767990155225
556,0.014670700940362776
557,-0.026205299125477588
558,-0.005978988905364892
559,-0.017273256795350522
560,0.006334476939231823
561,-0.01197966397120441
562,-0.0027883760228336607
563,-0.01050022052840427
564,-0.0007188549227026414
565,0.03075499450110486
566,-0.009776499845504712
567,-0.00534496688040529
568,-0.01939622578484146
569,-0.014524553912843519
570,0.015380765310137393
571,-0.004645906033514398
572,0.004468745378405761
573,0.0042266088816148226
574,-0.011910019331312152
575,-0.003694171714660348
576,0.014199129853748604
577,-0.004200406207582344
578,0.00443613563051274
579,0.006079096178478502
580,-0.0006364124597455015
581,-0.028121599324969198
582,0.00031637435589171314
583,-0.005462631912258702
584,0.014013694464361195
585,-0.015451421267880412
586,-0.0012986204712605101
587,0.03023395502752213
588,0.004783968013250761
589,0.014450839084387199
590,-0.002306538484213364
591,-0.005158462670694919
592,-0.018014983804965058
593,-0.007041836837038122
594,-0.0034503525312901406
595,-0.000902866164461856
596,-0.007175167853014829
597,0.008147874368406395
598,-0.0018133539292233408
599,0.008765628300119295
600,0.008093930648754272
601,0.0035576297323737724
602,-0.009601702906475301
603,-0.01916906087481076
604,-0.0038301861633664863
605,-0.016577222372489334
606,-0.017432160311266938
607,-0.028688753867510547
608,0.005641915815414733
609,0.023684750258154835
610,-0.004251073579390571
611,-0.003934863970176269
612,0.004526865934478069
613,0.006314784912544849
614,0.009330353864715264
615,-0.0023895043654708487
616,-0.01601932060158623
617,0.008243069042969002
618,-0.008513745105936672
619,-0.010076450857115012
620,-0.00564033024450461
621,-0.009667755929009626
622,-0.02088986730841941
623,-0.0072611726200209475
624,0.008206565843463222
625,-0.0008953710628741424
626,-0.014350516516757762
627,0.01007156107055733
628,0.02129072128429945
629,0.011737035722637061
630,0.0070427355062278735
631,-0.004042851402100263
632,-0.023458601498789703
633,-0.011971667127870907
634,-0.003900471037750944
635,0.0021643834664110476
636,-0.0015123958547766658
637,-0.02546730032558444
638,-0.01593702066772109
639,-0.012687754147308786
640,-0.012877629966985209
641,-0.0009323320110938491
642,-0.0076268365589135245
643,0.0167356226641919
644,-0.01571883039541925
645,0.01259495930212691
646,-0.011615492748660604
647,-0.0051706022631146965
648,-0.008059019120923813
649,0.01272206705361345
650,-0.0010210046158935296
651,0.007371361211166459
652,0.0021441115863389676
653,-0.0004256821678348052
654,-0.007480398948809211
655,0.003192594371163822
656,-0.014502275837754985
657,-0.018919232949869733
658,-0.020725747970807958
659,0.004836769152608486
660,-0.00910780476354979
661,0.016003190576518424
662,-0.009510653657954289
663,-0.0018182093832946472
664,-0.01312980747301485
665,-0.007064144862489054
666,0.030634870930134582
667,0.019813581092515804
668,-0.0031666245976626414
669,-0.00807102020338344
670,-0.016925238763811575
671,-0.002688637145247398
672,-0.017725360315637678
673,-0.0047920684283349405
674,-0.004039680513344968
675,-0.007912483064365365
676,0.027971932067293412
677,-0.014638038920530137
678,-0.009941298973647983
679,-0.0069211563554455735
680,-0.012088403884613942
681,-0.017738281694304144
682,0.0034451107131201267
683,0.0018615206306848084
684,0.00891799796582321
685,-0.0005803870961348517
686,1.3030730592659967e-05
687,-0.01979960185165016
688,-0.021220201120157076
689,-0.013540842092221499
690,-0.010604065225657863
691,-0.019853964073486205
692,0.04521034983132257
693,-0.0009236885408936274
694,0.009171534008774018
695,0.008241149558442809
696,-0.008017028226887365
697,0.017060383000911727
698,0.0043113362776677905
699,0.043347021090788286
700,-5.168996747112464e-05
701,-0.018915135668623854
702,0.0051878509542730294
703,0.0017514312115899863
704,-0.010269703020795204
705,0.011074153765080898
706,-0.021428283489100877
707,0.035898507017799716
708,0.017006141760750403
709,0.02836485217243173
710,-0.012358004650671925
711,0.0044013290335354685
712,-0.026333347410917828
713,-0.004260727528619904
714,0.019420902670049187
715,0.006295465921230682
716,0.0036349868423310033
717,0.0010248332617533232
718,0.013761934939888927
719,-0.0009580123437084309
720,0.011627918095566216
721,-0.006744504887275106
722,0.000296065077916359
723,0.016995035557963382
724,-0.015400272533557819
725,-0.01655216298162541
726,-0.0038624220825962882
727,-0.00899400263727821
728,0.0016216666475538238
729,-0.005259832533784432
730,0.01654774251774508
731,0.008110004933350838
732,0.012600323081519864
733,-0.02316754435551657
734,0.03921683431833688
735,-0.012454790462279815
736,-0.0008849439699353256
737,0.018752357486262215
738,0.0005520314308623125
739,-0.004354401987631082
740,-0.0015178304532389233
741,-0.004290489435413353
742,0.004368374328190185
743,-0.010591728022840863
744,-0.011265366490258444
745,-0.011608231613345982
746,-0.004244905732162088
747,-0.01272140635144969
748,-0.008358492589525927
749,0.005073651634392884
750,0.030666166686538487
751,0.005878294086215569
752,0.00806077326568929
753,-0.012806161938734642
754,-0.02612591512910395
755,0.002319327460540241
756,-0.02142627450078817
757,0.011030814737926768
758,0.005209197097401787
759,-0.013994782646861402
760,0.003018440785016986
761,0.007392818928635796
762,0.001999209151890252
763,-0.006990913250875044
764,-0.005692542003336368
765,-0.0004812958155959862
766,-0.002665271058524127
767,-0.007403687790425648
768,-0.004172514538079333
769,0.005130041007339117
770,5.9790824855861235e-05
771,0.006000434318873413
772,0.009249441516501082
773,-0.019247965413959567
774,-0.012910573613367823
775,0.002733383464901963
776,-0.006477830892353861
777,0.00574798169138227
778,-0.003503495040563631
779,0.01069014702974605
780,-0.005213296246801294
781,0.011656248602995668
782,0.0037804118015008215
783,-0.004629012900569288
784,-0.018128495530405055
785,-0.002447226203394534
786,0.007617707886509485
787,-0.01462514666138199
788,-0.00738145226006124
789,-0.01631303632258357
790,-0.010623826311836906
791,-0.006612141690611105
792,-0.018471235934171243
793,-0.0036864451859034975
794,0.01116664219708162
795,0.005367797047956299
796,-0.013562413431402708
797,-0.009105289436091672
798,-0.004810500554407418
799,0.028167536504044723
800,0.01856653605091868
801,0.0031269610932556646
802,-0.01411797138704226
803,0.025172708792339196
804,0.00691237051179143
805,0.007624478073571479
806,-0.012154316901091401
807,-0.02434977742526341
808,-0.003977791738141584
809,-0.011874120699617713
810,0.004616873790597775
811,-0.011252307137505631
812,0.006321700263910469
813,0.012140780197640512
814,-0.01829953707094361
815,0.0041453688060486965
816,0.02336991884485657
817,-0.011709766014269391
818,-0.003157229350235727
819,0.027992644847075525
820,-0.0032402249586334017
821,0.0016293900743443723
822,-0.018831181789176848
823,-0.013800491672514091
824,-0.006510611275489062
825,0.00022666676744298453
826,-0.0034735322913044403
827,-0.004742666690475357
828,0.003945212472888794
829,0.0127997881941153
830,-0.025644149522985348
831,-0.01456187441639389
832,0.0050395066109419975
833,-0.0028590299252185883
834,-0.0016860497113810463
835,0.008605418535751808
836,-0.0024116159502404547
837,-0.015939763188551045
838,-0.0003760814928171416
839,-0.020334507238951017
840,0.01753598344896134
841,0.017730609690450497
842,-0.014197479356365617
843,-0.0019797605786202738
844,-0.0013483077958398385
845,-0.006667532706632784
846,-0.009544362487855389
847,0.019758774099647013
848,0.020108255551377324
849,-0.00033134738038823747
850,-0.006121066330806724
851,-0.01617720617744426
852,-0.009518333825355142
853,-0.0054471472762267145
854,-0.005240965200828014
855,0.008547052961506853
856,0.022145636221400943
857,0.009248534088795023
858,0.0023513468158117
859,-0.006649890135022284
860,0.0037969752483880334
861,-0.014720660668549573
862,0.002117244652874925
863,-0.010228096416573657
864,0.001322317679549774
865,-0.009714782461445089
866,-0.0031672456242333794
867,0.007062042442262273
868,-0.018816832768593184
869,-0.024304509238654754
870,-0.019917643926762145
871,-0.012305406603449622
872,-0.000985317945462201
873,0.010173493214861856
874,0.0041150783039147765
875,-0.009767178717896098
876,-0.005414119785626236
877,-0.014098737399489355
878,0.04217914511162512
879,0.006143129102769637
880,-0.014328302862936623
881,-0.010542649411796341
882,0.039444200580456446
883,-0.012230907615644673
884,0.016189161485888594
885,-0.003221875244293279
886,0.014609115990528845
887,-0.003595007214651759
888,-0.0074417577287381464
889,-0.0014394685286601566
890,-0.00925098105640141
891,0.0020311046552567227
892,-0.012561349149024903
893,0.013981548569896383
894,1.643911898709105e-05
895,0.003404511858962525
896,-0.01134106962131147
897,-0.0016054552841986425
898,-0.013332681140405544
899,0.0034978004071701957
900,0.011473321813313515
901,-0.01730637541674997
902,-0.010884218329499228
903,-0.000659023280531093
904,0.021734156620397967
905,0.0036210479948019098
906,-0.007960819016074684
907,0.0036401704738110927
908,-0.0076675299835592126
909,-0.005909887066828032
910,-0.0029006092691126056
911,-0.005053371217547665
912,-0.004276147951675309
913,0.011724893956376138
914,-0.005184184167402815
915,0.008138601158351945
916,-0.009076340056113581
917,0.012527614479961938
918,-0.008626552961775759
919,-0.010842111714318127
920,0.0007861713511280177
921,-0.028753302414103073
922,-0.006397136085143862
923,-0.010460699729410071
924,-0.004035006768013584
925,0.010005744533816481
926,0.02367411267467138
927,-0.00200711647852974
928,-0.00446464299006219
929,0.0037798560737414
930,0.006476193942650088
931,-0.010007439675182354
932,-0.015580674183405176
933,-0.0042867887605459384
934,-0.019560205833553237
935,0.0074271220951681455
936,-0.005070378103364373
937,-0.01685171621674461
938,-0.0036831782808682753
939,0.007589193320685229
940,0.005956701819272572
941,-0.0061181550699839216
942,0.011530597847805461
943,0.021444226104141033
944,-0.006687382532429849
945,-0.0021938978502181947
946,-0.002575897370308382
947,-0.003962386886748041
948,0.006143883362945211
949,-0.014526024302930755
950,-0.0028708780091784153
951,0.019552373697835364
952,-0.012090568742650128
953,-0.0029315315596839635
954,0.0006617737987476072
955,-0.007308552149293213
956,-0.011446664712246271
957,0.004132345656722318
958,-0.002810766969409448
959,-0.005318892474798595
960,-0.0040201388624771725
961,-0.007182927620415287
962,-0.012601310372704302
963,0.0035285498889544922
964,0.01091188664834726
965,0.0005837044202005107
966,0.006763201488439639
967,0.018526686423626378
968,-0.004952875987517258
969,-0.0004026837782247772
970,-0.006252100511966278
971,-0.011052989306061134
972,-0.015038677121801656
973,-0.009313944849847204
974,-0.01992405535417167
975,-0.004777236659845752
976,-0.001267300433997795
977,-0.015431246705883445
978,0.002913205657958981
979,-0.003843085291038939
980,-0.022227814106052582
981,0.03634343955090493
982,-0.0007618720481131075
983,-0.004050145897922651
984,-0.012917042975664858
985,-0.003777166594759157
986,-0.005305447097084026
987,-0.009673021651805072
988,-0.018823358384969853
989,-0.008482691971558952
990,0.007293550102013352
991,0.002635487008389552
992,-0.00031566236113117485
993,0.007719132188497374
994,-0.0012730068644939557
995,-0.0004705908427201366
996,0.0022471294925094643
997,0.0035629752725887948
998,0.0027805750880173993
999,0.015671828911281112
