,treatment_1,treatment_0,difference
1,0.023813186320336716,0.019462711440256488,0.0043504748800802275
2,0.023444706627879695,0.019365013386211383,0.004079693241668313
3,0.023633813708697653,0.01941905579618866,0.0042147579125089915
4,0.023561673715701188,0.019388484447088062,0.0041731892686131256
5,0.02353213840931456,0.01938156106504509,0.00415057734426947
6,0.023705606305612227,0.01937640324020541,0.004329203065406816
7,0.02351386660949821,0.019488887957732768,0.004024978651765442
8,0.02352531203812909,0.0194882955478367,0.004037016490292391
9,0.023544006084705943,0.01945391588018958,0.004090090204516363
10,0.023722951147111333,0.019304373693473223,0.00441857745363811
11,0.02371385937820571,0.01947791582263345,0.004235943555572261
12,0.02363549718246914,0.019378436451056972,0.004257060731412167
13,0.02371320765738082,0.019444509020474163,0.004268698636906657
14,0.023491227155662004,0.01941291480839149,0.004078312347270515
15,0.023626742912807423,0.01947184151777729,0.004154901395030133
16,0.0236550832110501,0.01953545892219071,0.00411962428885939
17,0.02366871922131918,0.019370572854791733,0.0042981463665274465
18,0.023666738080474203,0.019464187227695873,0.00420255085277833
19,0.023569506194642195,0.01930021204350829,0.004269294151133904
20,0.023659145510598133,0.01944369088764436,0.004215454622953772
21,0.023588874838654756,0.019331051489442738,0.004257823349212018
22,0.023613631757692623,0.019315466843721558,0.004298164913971066
23,0.02364218878140948,0.019553150393488757,0.004089038387920723
24,0.023641976438767368,0.019417033972257632,0.004224942466509736
25,0.02361423207930212,0.019271309293556627,0.004342922785745492
26,0.02356139493874201,0.019329328151991173,0.004232066786750838
27,0.023627226714008357,0.0195073377364204,0.004119888977587957
28,0.023497746665865932,0.019590634234310664,0.003907112431555268
29,0.023693720735003435,0.019375223359392933,0.004318497375610502
30,0.02369484861037465,0.019324137628426778,0.004370710981947874
31,0.023675673612364324,0.019394737276718248,0.004280936335646076
32,0.023765060576535095,0.019327812457011474,0.0044372481195236214
33,0.023746846851357823,0.019420939417152616,0.004325907434205207
34,0.02357979389142018,0.01934775236292291,0.004232041528497269
35,0.023422061603583396,0.019387072803522996,0.0040349888000604
36,0.023668968818468018,0.019394323721879166,0.004274645096588852
37,0.023535617849903146,0.01946227464557812,0.004073343204325026
38,0.023709273804070806,0.019406909485570098,0.004302364318500708
39,0.02362783510526103,0.01918170069143077,0.004446134413830259
40,0.023827220209594987,0.019353491891438545,0.004473728318156442
41,0.023681253015358093,0.019442982064495108,0.004238270950862984
42,0.023605601962414128,0.019341501226740616,0.0042641007356735115
43,0.023703059834227325,0.019401134172846196,0.0043019256613811285
44,0.023525549235229468,0.019403219535013966,0.004122329700215501
45,0.02363183401060344,0.019269260573000296,0.004362573437603143
46,0.023548731995558608,0.01942961889832614,0.004119113097232469
47,0.023643122581116206,0.01932303544808892,0.004320087133027287
48,0.02358049858126568,0.019551338951718775,0.004029159629546905
49,0.023607816166463676,0.019371172808272802,0.0042366433581908745
50,0.023850949953812022,0.019357380163288293,0.004493569790523729
51,0.023614046995284143,0.019378257574659018,0.004235789420625125
52,0.023653673097990064,0.019482993277851732,0.004170679820138332
53,0.0235979758149288,0.019529558233729427,0.004068417581199375
54,0.023526506659480945,0.019342259652476053,0.004184247007004892
55,0.023699543216053283,0.019380945358658894,0.0043185978573943885
56,0.023689112209489393,0.019416019091230655,0.004273093118258738
57,0.02352824989872986,0.019485607685342923,0.004042642213386936
58,0.023558553412454233,0.01953089085146531,0.004027662560988923
59,0.023622104775765103,0.019376016006039422,0.004246088769725681
60,0.023675323599119565,0.019378760267334323,0.004296563331785241
61,0.023560674510033817,0.019467082950169915,0.004093591559863902
62,0.023609409837175195,0.01939652767966438,0.0042128821575108145
63,0.023706067314204778,0.019339341185641956,0.0043667261285628214
64,0.023454243752830575,0.019397111512435068,0.004057132240395507
65,0.02385228204275358,0.019501864327997918,0.004350417714755663
66,0.023736005282545776,0.019476410072231654,0.004259595210314122
67,0.023732230717848704,0.019448810184278385,0.0042834205335703195
68,0.023602973411987766,0.01950373180822494,0.0040992416037628245
69,0.02378382475920229,0.01930778376954169,0.004476040989660601
70,0.023679359758366186,0.01949517053796038,0.004184189220405806
71,0.0237958168415942,0.019432867152330502,0.0043629496892637
72,0.023808666012988308,0.019565056795561107,0.0042436092174272
73,0.02374933748341385,0.019552720068168255,0.0041966174152455946
74,0.023791218836777588,0.01937623035994225,0.004414988476835337
75,0.02372133093210466,0.019503853265529475,0.004217477666575185
76,0.023642634676381336,0.019308173623057527,0.004334461053323808
77,0.02367644823669034,0.019407233328066046,0.004269214908624294
78,0.023786403120251615,0.019268518998673434,0.004517884121578181
79,0.023743344171972987,0.01949841530031594,0.004244928871657047
80,0.02356754515001389,0.019496540455405064,0.004071004694608825
81,0.023634202352637492,0.01936174972157812,0.004272452631059371
82,0.02357172506569498,0.019503663842895553,0.004068061222799426
83,0.02391028373796579,0.01948973037426955,0.0044205533636962405
84,0.023601087927866343,0.01949363075678769,0.004107457171078653
85,0.023628371200314625,0.019406143951562257,0.004222227248752368
86,0.023734284260503537,0.01942198969667143,0.004312294563832107
87,0.023666117034711415,0.019496851354982216,0.004169265679729198
88,0.023613181919218424,0.019316465490384682,0.004296716428833742
89,0.023673721958001177,0.019454572643704055,0.0042191493142971215
90,0.023663112601318308,0.019391823411572705,0.004271289189745602
91,0.023668801106396815,0.019366159640897898,0.004302641465498917
92,0.02359218054079247,0.019364352441954703,0.004227828098837767
93,0.02370611784236802,0.01953602515309079,0.004170092689277233
94,0.023690323336459436,0.019456225162241464,0.004234098174217972
95,0.02362758079504448,0.019367633416896488,0.004259947378147992
96,0.02351621470382795,0.019381337086844662,0.0041348776169832895
97,0.02366706941941753,0.01942040453464343,0.004246664884774102
98,0.023546351386359972,0.01940873487182988,0.004137616514530092
99,0.023537019777864057,0.01946938857727573,0.004067631200588326
100,0.023518718632719007,0.019313327088222424,0.0042053915444965825
101,0.023668072029694984,0.019404350950065898,0.004263721079629086
102,0.02375764345206407,0.019450216225651865,0.004307427226412204
103,0.02365541822669407,0.019514681271268403,0.004140736955425668
104,0.02381276458845736,0.019418599520460034,0.004394165067997325
105,0.023635807154055333,0.019453382976066563,0.00418242417798877
106,0.023621935239581518,0.019505042184986734,0.0041168930545947835
107,0.023757864786485904,0.019402742779428862,0.004355122007057042
108,0.023719273445975325,0.01939322245438279,0.004326050991592535
109,0.023479943709913638,0.019362289006748006,0.004117654703165632
110,0.023714684968573665,0.01933556959209381,0.004379115376479857
111,0.023502718944118147,0.019362615791337537,0.00414010315278061
112,0.023761084380109203,0.019407865868765892,0.00435321851134331
113,0.0235628375197408,0.019425101453131945,0.004137736066608853
114,0.0236267235876933,0.019421999747147048,0.004204723840546251
115,0.02366217869420942,0.019474473865192063,0.004187704829017359
116,0.023649753178588022,0.01946630105350858,0.0041834521250794406
117,0.02369468378978144,0.019454037598105326,0.004240646191676113
118,0.02370653852221846,0.019421725218266062,0.004284813303952396
119,0.023591385665148578,0.0194617012118807,0.00412968445326788
120,0.023654925984583283,0.019528148509733532,0.004126777474849751
121,0.023492677329568803,0.0194375855190067,0.004055091810562104
122,0.023685413586325935,0.019382910544808875,0.00430250304151706
123,0.02362003150989092,0.01944139724051606,0.00417863426937486
124,0.023747491127802407,0.01947831308900198,0.004269178038800427
125,0.023423920792319704,0.019447023176344662,0.003976897615975042
126,0.023658878723352934,0.019287344711657765,0.004371534011695169
127,0.023653780688948,0.019349626290046502,0.004304154398901496
128,0.023676963172407764,0.01941316088900568,0.004263802283402084
129,0.023778953999828264,0.019341506138863984,0.00443744786096428
130,0.02362544045977003,0.01937853500348155,0.004246905456288478
131,0.023758030726762566,0.01936083274112361,0.004397197985638958
132,0.023631244281414096,0.019444932298799615,0.004186311982614481
133,0.023673598323723056,0.019702921654037073,0.003970676669685983
134,0.023723223794501445,0.01949463867737393,0.004228585117127516
135,0.02360677358287197,0.01931917471586127,0.0042875988670106994
136,0.023679199511394793,0.019301505032510956,0.004377694478883837
137,0.02362746363259483,0.019554541760325405,0.0040729218722694235
138,0.023701477707884697,0.019241969591811688,0.00445950811607301
139,0.0236153646023334,0.019430698510803684,0.004184666091529718
140,0.023696844370515384,0.01925169317122517,0.004445151199290214
141,0.023672980054857146,0.019496497696794204,0.004176482358062943
142,0.02376416043386507,0.01947573990565314,0.004288420528211927
143,0.023659330300121354,0.01936922036459689,0.004290109935524464
144,0.02361657511918592,0.01946214629389649,0.004154428825289429
145,0.0235229249017108,0.019417499642677704,0.004105425259033096
146,0.023739538519499354,0.01936615924854045,0.004373379270958905
147,0.023414111850921317,0.019560825926460926,0.0038532859244603916
148,0.023709879040416274,0.019558173433831,0.004151705606585274
149,0.02366220148109146,0.019426933107293907,0.004235268373797552
150,0.023745122086843234,0.019539855000220385,0.00420526708662285
151,0.02377334105489559,0.0193687589385759,0.004404582116319691
152,0.023730067764321894,0.019368360361111912,0.004361707403209982
153,0.023593105876183053,0.019416439681143326,0.0041766661950397264
154,0.02359458861535531,0.019447054785956028,0.004147533829399284
155,0.023462242445077296,0.019421989841516326,0.00404025260356097
156,0.023717674280127662,0.019519209604950485,0.004198464675177177
157,0.023774441866783538,0.019330440362739103,0.004444001504044434
158,0.023589443927421697,0.019434257446472317,0.004155186480949379
159,0.023717090859436782,0.019389024014946844,0.004328066844489938
160,0.023677028396067088,0.019273709930067984,0.004403318465999104
161,0.023683759629528085,0.019449443605942696,0.004234316023585389
162,0.023661032326697126,0.019321873176270536,0.00433915915042659
163,0.023834918287377157,0.019301587384769274,0.004533330902607883
164,0.023603005434436067,0.019328036786369178,0.004274968648066889
165,0.023713828514054746,0.01942115284265547,0.004292675671399276
166,0.023558975726978484,0.019469593290082767,0.0040893824368957166
167,0.02360203346606438,0.019486990616067162,0.004115042849997218
168,0.02376699019764908,0.019440839016927895,0.004326151180721185
169,0.023627197885736223,0.01936746044309437,0.004259737442641853
170,0.02376584103615903,0.01943910791179581,0.00432673312436322
171,0.02360951240810357,0.019348557342384304,0.004260955065719267
172,0.023723785355891275,0.019418074082411675,0.0043057112734796
173,0.023668391218423027,0.019520386724973852,0.004148004493449174
174,0.023530472442099583,0.019329632548037188,0.004200839894062395
175,0.023797404258217424,0.019381986956331816,0.004415417301885608
176,0.023638453842596992,0.019317135768537746,0.004321318074059246
177,0.023567674646898122,0.019383241163732967,0.004184433483165155
178,0.023637211237571405,0.019537525452334305,0.0040996857852371
179,0.023547621075155463,0.019375980166538454,0.004171640908617009
180,0.023619395651503075,0.019389414264863798,0.004229981386639277
181,0.02355887403814232,0.01961446018069985,0.0039444138574424685
182,0.023804466808614966,0.01939409285166488,0.004410373956950087
183,0.023602435474910945,0.01953034460496146,0.004072090869949484
184,0.023689836481568652,0.01946218410702031,0.004227652374548342
185,0.023575214620897723,0.019502343445034334,0.0040728711758633886
186,0.023665072620896475,0.01947576540694377,0.004189307213952706
187,0.023666669250666204,0.019492659835622088,0.0041740094150441165
188,0.023666038096596117,0.019496882144289025,0.004169155952307092
189,0.02378738686167926,0.019280220822541286,0.004507166039137974
190,0.023677232382719775,0.019485068699097496,0.004192163683622279
191,0.02357824920024968,0.019504114412706056,0.004074134787543624
192,0.023553653386121032,0.019442511471992975,0.004111141914128057
193,0.023672853956861317,0.0194099914376977,0.0042628625191636176
194,0.023713962016464224,0.01942461576929926,0.004289346247164965
195,0.02356481688579225,0.019492549152139757,0.004072267733652494
196,0.02361611647699714,0.01935748091698374,0.0042586355600134004
197,0.02374462280798767,0.019490655303448377,0.004253967504539293
198,0.023917669209083614,0.019350894466880972,0.004566774742202642
199,0.023596799601282546,0.019353113024577196,0.00424368657670535
200,0.02376986786630111,0.019417255558729446,0.004352612307571665
201,0.023681351093386725,0.01942602746488003,0.004255323628506696
202,0.023793298054302185,0.019472748178648663,0.004320549875653522
203,0.023589176125702105,0.01943752943904897,0.0041516466866531355
204,0.02371805782519872,0.019465759840898288,0.0042522979843004315
205,0.023561441512780525,0.01929885515914268,0.004262586353637847
206,0.023834026908453758,0.019543521647985382,0.004290505260468376
207,0.023707240560401917,0.019363719521193472,0.004343521039208445
208,0.023694363411506866,0.01939465780048785,0.0042997056110190175
209,0.023669357349259682,0.019346520944197098,0.004322836405062584
210,0.0237112669381126,0.01924396889819196,0.004467298039920641
211,0.023730864567045835,0.019346868760818283,0.004383995806227552
212,0.023620442760989693,0.01954973915538887,0.004070703605600825
213,0.023640743201857693,0.01937921355001077,0.004261529651846924
214,0.023461705514925133,0.019484952377110353,0.00397675313781478
215,0.023645943194472996,0.01937477471264568,0.004271168481827316
216,0.023739597955250016,0.019474913689114158,0.004264684266135858
217,0.02355291111498545,0.019284548977489307,0.004268362137496144
218,0.0237082254954589,0.019355792995891487,0.004352432499567412
219,0.023761294916953526,0.019349364149955976,0.00441193076699755
220,0.02353495008419498,0.019334284810358735,0.004200665273836245
221,0.023614520510561968,0.01934473606331673,0.004269784447245236
222,0.023691753743947205,0.01934816955885493,0.004343584185092276
223,0.023769993365153067,0.01946409991746865,0.0043058934476844155
224,0.02354926667942929,0.01934972550453772,0.004199541174891571
225,0.023572458819204858,0.019541094329197484,0.004031364490007374
226,0.023805237212279114,0.019358971954982263,0.004446265257296852
227,0.023664398356096527,0.019430363586560556,0.004234034769535971
228,0.02360762449522241,0.019531874564205184,0.004075749931017225
229,0.023513267836093203,0.019378231486025025,0.0041350363500681775
230,0.023610882522936676,0.019245045392329296,0.00436583713060738
231,0.023662589344084706,0.019566732139935795,0.004095857204148911
232,0.023684644123617846,0.019311370405286753,0.004373273718331093
233,0.023731043972102756,0.019411458990287497,0.004319584981815259
234,0.023482777859230697,0.019465651806439877,0.00401712605279082
235,0.02373164401125357,0.019411752572023638,0.004319891439229933
236,0.02341217515016684,0.019319827662283816,0.004092347487883025
237,0.023728166005170675,0.019294458789488968,0.004433707215681707
238,0.023450054899545388,0.019505773105590537,0.003944281793954851
239,0.023526502441805174,0.01944266425606109,0.004083838185744083
240,0.023727490853897013,0.019583940313988166,0.004143550539908846
241,0.023496572451550426,0.019414150220874483,0.004082422230675942
242,0.023505622003966803,0.019223709699772704,0.004281912304194099
243,0.02354404679769598,0.019355898966776294,0.004188147830919687
244,0.023814511348000604,0.019446033221353555,0.004368478126647049
245,0.023740878066167027,0.01940389812561619,0.004336979940550836
246,0.023760748841967556,0.019357340468543368,0.004403408373424188
247,0.02372801950322511,0.01934290822636783,0.004385111276857281
248,0.023716308531859215,0.019355571206902216,0.004360737324956999
249,0.023672745969530392,0.019466507731014285,0.004206238238516107
250,0.023512464545190435,0.01950280792698168,0.004009656618208755
251,0.02369715102280816,0.019389890320213057,0.004307260702595104
252,0.023629575620589788,0.01937668551296993,0.004252890107619856
253,0.023489997666219252,0.019464043931446906,0.004025953734772346
254,0.023673115183155128,0.019416505996485395,0.004256609186669733
255,0.02368075724781296,0.0193826494630381,0.004298107784774862
256,0.02371237450886571,0.019501890614117563,0.004210483894748148
257,0.023683744378179154,0.019560960661146345,0.0041227837170328095
258,0.023600138021493917,0.01944278520058446,0.004157352820909458
259,0.023508971907143888,0.019490403973963767,0.004018567933180121
260,0.023622207033981695,0.01941313206541577,0.0042090749685659255
261,0.023484470115898163,0.019302274190809116,0.004182195925089047
262,0.023431317718333435,0.01945672964278331,0.003974588075550123
263,0.02362385992653592,0.019368209140992926,0.004255650785542995
264,0.02361918483066739,0.019420060050493397,0.004199124780173993
265,0.023598659075183794,0.01934429255680445,0.004254366518379345
266,0.023546086918281455,0.019281296934196952,0.004264789984084503
267,0.023754130399269106,0.019279052415233356,0.00447507798403575
268,0.023544640784296682,0.019506940044760095,0.0040377007395365865
269,0.02387767513846338,0.01946497239737199,0.004412702741091391
270,0.023601010265268594,0.019462044384737646,0.004138965880530948
271,0.02382109088238987,0.019261794227042144,0.004559296655347725
272,0.02362089097799139,0.019353977994208897,0.004266912983782494
273,0.023470061288734304,0.01946235055367744,0.004007710735056864
274,0.023567797022503292,0.019347089746872746,0.004220707275630547
275,0.023514874451034028,0.019419794594931733,0.004095079856102295
276,0.023654062482092536,0.01938867170198825,0.004265390780104288
277,0.023578307065981075,0.019316401425776005,0.004261905640205069
278,0.023657238628434787,0.019519414216264,0.004137824412170789
279,0.023757948063219108,0.019440389349673383,0.004317558713545725
280,0.02357463020918781,0.019467242825871926,0.004107387383315883
281,0.023661294402354146,0.019390166146901453,0.004271128255452693
282,0.02355807201728674,0.01928724926076928,0.00427082275651746
283,0.023612602259769282,0.019362524273305235,0.004250077986464047
284,0.02373265281828315,0.0193864429057216,0.004346209912561551
285,0.023573962506767087,0.019408104760327838,0.004165857746439249
286,0.023535308440350917,0.01939556795232971,0.004139740488021206
287,0.02363489576482994,0.019467751652212,0.004167144112617937
288,0.023530779234633068,0.019468804659559767,0.004061974575073301
289,0.023714827111169914,0.01953289260550191,0.004181934505668006
290,0.02370355154216796,0.019437977297847246,0.004265574244320714
291,0.02366546919315266,0.01940755862095521,0.004257910572197449
292,0.02358263867073557,0.01932178542211459,0.00426085324862098
293,0.023719513611736076,0.019360742850965514,0.0043587707607705625
294,0.02359664517409072,0.01944074304184222,0.0041559021322485
295,0.023691075420375837,0.01947213625163465,0.004218939168741186
296,0.02347285620576868,0.019498293985572384,0.003974562220196296
297,0.02357553868156218,0.01942631644626402,0.004149222235298157
298,0.023607074748488437,0.019418370817745084,0.004188703930743352
299,0.02375901489785542,0.01941610538097778,0.00434290951687764
300,0.02360310081868961,0.019486456061126395,0.004116644757563216
301,0.023493354710711355,0.01940628249830549,0.004087072212405864
302,0.023590302274775262,0.019401674764670505,0.004188627510104757
303,0.02364811017197485,0.019357845446479557,0.004290264725495294
304,0.023774396001611003,0.01934441071696431,0.0044299852846466925
305,0.02369150444847021,0.01943083438002548,0.00426067006844473
306,0.02374107046866634,0.019430875535895027,0.004310194932771315
307,0.023720550012791792,0.019454772118293825,0.004265777894497967
308,0.023723022944356027,0.019458152136755977,0.00426487080760005
309,0.023621210654357235,0.019395499622636852,0.004225711031720383
310,0.02376934141762859,0.019404482479202022,0.004364858938426568
311,0.02362800753653251,0.019537853842241437,0.004090153694291072
312,0.02370610922371523,0.01949658186703366,0.004209527356681571
313,0.0235514091209869,0.019364981481750112,0.004186427639236788
314,0.023552463884229834,0.01937204123495212,0.0041804226492777145
315,0.023680907324372242,0.019421146094404117,0.004259761229968125
316,0.02356654817566975,0.019410290857811666,0.004156257317858084
317,0.0236538138246209,0.019472859215392938,0.00418095460922796
318,0.023650495081367226,0.019420504117510607,0.004229990963856619
319,0.023711671278983205,0.019412075798083166,0.004299595480900038
320,0.02369629937222225,0.01938554712763727,0.004310752244584982
321,0.02374389157224232,0.019370982390116104,0.004372909182126215
322,0.023561828895170424,0.019455545745553884,0.00410628314961654
323,0.02362976986680659,0.019512209848756994,0.004117560018049596
324,0.023826738274729267,0.019514494680780623,0.004312243593948644
325,0.023648330930171924,0.019391500721239067,0.004256830208932857
326,0.02376161169536838,0.01950703228747931,0.004254579407889068
327,0.02361503916180835,0.019222343609059323,0.004392695552749026
328,0.02341519065581001,0.019230678140065363,0.004184512515744646
329,0.023704743069201707,0.019454590818778497,0.00425015225042321
330,0.023620705373064727,0.0194635851305592,0.004157120242505526
331,0.023819952433183206,0.019450223355322357,0.004369729077860849
332,0.02362517301059511,0.019408102450629693,0.004217070559965418
333,0.02362277215612854,0.01942002177174252,0.004202750384386021
334,0.023620577165722467,0.019511323566042304,0.004109253599680163
335,0.02357584901648337,0.01948031634003578,0.004095532676447591
336,0.023618052923214273,0.019270991724424178,0.004347061198790095
337,0.02362834204497091,0.01940535812689501,0.0042229839180759
338,0.023717325784766395,0.01942921186013242,0.004288113924633977
339,0.023696793807765095,0.01946365713661016,0.004233136671154936
340,0.02363936384429942,0.01949884754945409,0.004140516294845329
341,0.02365052406225826,0.01942457462875078,0.00422594943350748
342,0.023717133153484643,0.019393023674753256,0.0043241094787313875
343,0.02363504773417787,0.019507456111929892,0.004127591622247979
344,0.02351813874553107,0.019314392610778323,0.004203746134752745
345,0.02362136942899499,0.019468573222892162,0.004152796206102826
346,0.023612375382201428,0.01937718289179511,0.0042351924904063185
347,0.023637978872320987,0.01942089155526686,0.004217087317054127
348,0.023750258913369973,0.019336562009059925,0.004413696904310049
349,0.02369418740235598,0.019490259465516222,0.004203927936839758
350,0.023499336223820187,0.019340273998438306,0.004159062225381881
351,0.023650022167115866,0.019281476509144777,0.004368545657971089
352,0.02374876521561722,0.019172056217577418,0.004576708998039802
353,0.02358506370573568,0.019445331506316107,0.004139732199419575
354,0.023793409859785217,0.01949405116805976,0.004299358691725458
355,0.023679627494621398,0.019367103489540183,0.004312524005081215
356,0.023548718407318456,0.019430654162580083,0.004118064244738373
357,0.023684043450425248,0.019413134563618935,0.004270908886806313
358,0.02372921889045377,0.01941370099601801,0.0043155178944357594
359,0.02355844160103858,0.019408642577322787,0.004149799023715792
360,0.023696041133994757,0.019427275867989147,0.004268765266005611
361,0.02377444922984822,0.019310585619379678,0.004463863610468542
362,0.02355719004034171,0.019358349732287988,0.004198840308053724
363,0.023771339611355326,0.019492908076805884,0.004278431534549442
364,0.023997802489243877,0.019416284983739034,0.004581517505504843
365,0.023507279403926294,0.019447025598024408,0.004060253805901887
366,0.023624716729773947,0.01957163483351574,0.004053081896258207
367,0.02364581003107984,0.019407511068388648,0.004238298962691192
368,0.023616506007943648,0.019376184846948315,0.004240321160995333
369,0.02352286102939691,0.01936297157742893,0.00415988945196798
370,0.023753665857426425,0.01951047808975726,0.004243187767669167
371,0.02364795316085613,0.019267211930256246,0.0043807412305998834
372,0.023800062908990678,0.019476650629346906,0.004323412279643772
373,0.023786610056170006,0.01931849789036241,0.004468112165807597
374,0.023627762685721136,0.019539891174548855,0.0040878715111722815
375,0.023727961967866817,0.019371048008007718,0.004356913959859099
376,0.023715144881317228,0.019494717777885962,0.004220427103431266
377,0.023740488223259,0.019517792374024522,0.004222695849234476
378,0.023516971921669603,0.019588862884912846,0.003928109036756756
379,0.02352724165780258,0.019458984027005185,0.004068257630797396
380,0.023675063092507283,0.01934254198449396,0.004332521108013323
381,0.023560714525314493,0.01945055438833812,0.004110160136976373
382,0.02361249604535308,0.019417182558645222,0.004195313486707857
383,0.023659724146232346,0.01950922244652546,0.004150501699706887
384,0.023643074499693884,0.01944950877099737,0.004193565728696513
385,0.023592218852195097,0.01938962805699333,0.004202590795201768
386,0.023589387788906638,0.019309019340578038,0.0042803684483286
387,0.02369371526530979,0.01943414355336155,0.00425957171194824
388,0.023641140459437257,0.019422239276873445,0.004218901182563812
389,0.023775039308976748,0.019360665467011897,0.004414373841964851
390,0.02364689483226569,0.019549307520390066,0.004097587311875622
391,0.023582191863794934,0.01939204762424541,0.004190144239549522
392,0.023567853349030422,0.019293829281233583,0.004274024067796839
393,0.023665171637815906,0.0193972022843069,0.004267969353509007
394,0.023823731869342512,0.01944821734687118,0.004375514522471331
395,0.023680826752424916,0.01937371190488491,0.004307114847540008
396,0.023536105398591873,0.019387624641752747,0.004148480756839126
397,0.0236370504546745,0.019394594170933033,0.0042424562837414664
398,0.023639908871159472,0.019289386615524453,0.004350522255635019
399,0.023745929169702053,0.01942320281660113,0.0043227263531009225
400,0.023697184014754444,0.019486243290086115,0.004210940724668329
401,0.02375560464847581,0.01938529812110052,0.00437030652737529
402,0.023815193262214075,0.01936550762720305,0.004449685635011025
403,0.02373313969470841,0.019403864144839182,0.004329275549869227
404,0.023794623819494504,0.01932222605117692,0.004472397768317583
405,0.023568706056825622,0.019461818390684883,0.00410688766614074
406,0.023821853752321008,0.01948483253321751,0.004337021219103499
407,0.023629279778088198,0.019303596534538583,0.004325683243549615
408,0.023753461688161132,0.01933550388271797,0.004417957805443164
409,0.023581041325496942,0.019518588578879215,0.004062452746617727
410,0.02354769055506731,0.019263412573612772,0.004284277981454539
411,0.023686037945840042,0.019365397246452493,0.0043206406993875485
412,0.023504788333924713,0.01938419120414753,0.004120597129777182
413,0.023526222772133575,0.019441259131600466,0.00408496364053311
414,0.023656043918567675,0.01948113781278716,0.004174906105780515
415,0.023668961750919412,0.019443243455615034,0.004225718295304378
416,0.02363186395576718,0.01943926358154916,0.004192600374218019
417,0.0236148915565539,0.019366507556482334,0.004248384000071565
418,0.023708735395619424,0.0194543638122331,0.004254371583386325
419,0.02378698711209329,0.019506317812987107,0.004280669299106182
420,0.023620334425405225,0.019530957123045856,0.004089377302359368
421,0.02360724272611802,0.019338554617916063,0.0042686881082019575
422,0.023602092094678756,0.019451075012086223,0.004151017082592533
423,0.02355463901610346,0.019270059837032606,0.0042845791790708555
424,0.023749795328797153,0.019643811066456945,0.004105984262340209
425,0.023690088931808042,0.01952395137204301,0.004166137559765033
426,0.023827609122566748,0.019364943607697055,0.004462665514869693
427,0.023668905269291426,0.019579744835434173,0.004089160433857254
428,0.023698381514666533,0.01942257681264375,0.004275804702022781
429,0.023623845067825718,0.01950016943018524,0.004123675637640479
430,0.023763193406488664,0.019458195151953815,0.004304998254534849
431,0.02367678474310856,0.019360178476711155,0.004316606266397405
432,0.02360129514814323,0.019364760516940048,0.004236534631203184
433,0.023472813676456428,0.019388110384089306,0.004084703292367122
434,0.02361286628851197,0.019508773580475553,0.004104092708036418
435,0.023559400645111386,0.019252796290922577,0.004306604354188809
436,0.023667411190743032,0.019399020838099197,0.004268390352643835
437,0.023674628832703493,0.01948410845085203,0.004190520381851463
438,0.02366899458122696,0.019605594023983267,0.004063400557243694
439,0.02360040055040861,0.019430925322483406,0.004169475227925205
440,0.02375998454982043,0.019413783433630517,0.004346201116189913
441,0.02370045708744249,0.01948990182969761,0.004210555257744879
442,0.023731169107168236,0.019332438355343425,0.004398730751824811
443,0.023689047655808544,0.019463743229890286,0.004225304425918258
444,0.02353847706565426,0.01942780149260511,0.0041106755730491475
445,0.023733543961532225,0.01957787899766194,0.0041556649638702856
446,0.02377471577740261,0.019441460499558957,0.004333255277843652
447,0.023682421016294482,0.01933124074349921,0.004351180272795272
448,0.02373974028385926,0.01950670804167394,0.0042330322421853216
449,0.02363825343538052,0.019260229393389304,0.004378024041991217
450,0.023816964166751473,0.01936891198683586,0.004448052179915615
451,0.023615113745310952,0.019412233661757275,0.004202880083553677
452,0.023666391900439305,0.019516297531572194,0.0041500943688671105
453,0.02355934295698327,0.019454285125650422,0.0041050578313328485
454,0.023482766575732127,0.01947387121210418,0.004008895363627946
455,0.023534074072636572,0.019453058957729193,0.004081015114907379
456,0.02349706685640292,0.019579099878592483,0.003917966977810439
457,0.02347330316435183,0.01960733742840566,0.003865965735946171
458,0.02373924414219134,0.019424006011412406,0.004315238130778935
459,0.02366625393166526,0.01932879299467854,0.004337460936986722
460,0.023660467998654917,0.019398793470113095,0.0042616745285418214
461,0.023508793337723537,0.01941281637618419,0.004095976961539346
462,0.023710518361616865,0.019470836710031657,0.004239681651585208
463,0.023654442765149754,0.019340435981528778,0.004314006783620976
464,0.023648026931993058,0.01943182977272199,0.0042161971592710665
465,0.0237491122526277,0.019428517776998097,0.004320594475629602
466,0.023698551581788307,0.019518492813669228,0.004180058768119079
467,0.023548564896298897,0.01934312841923259,0.0042054364770663065
468,0.02380883447584744,0.019477663429657077,0.004331171046190362
469,0.023787367781996936,0.019382708469346775,0.004404659312650161
470,0.02368372269398458,0.019378679826078157,0.004305042867906422
471,0.023563607454467703,0.0193354367942038,0.004228170660263902
472,0.023708089375481967,0.019319629653423813,0.004388459722058154
473,0.023707573183453682,0.019284709678481893,0.004422863504971789
474,0.023537139813609533,0.019448731918612766,0.0040884078949967664
475,0.023706367504044507,0.019473385886184778,0.004232981617859729
476,0.023622671699236854,0.019539090754372535,0.004083580944864319
477,0.023772739332496164,0.0195167374161824,0.004256001916313763
478,0.023525361298198454,0.019613488446106705,0.003911872852091748
479,0.023620514178721918,0.019345581129364065,0.004274933049357853
480,0.023644698984533457,0.01929580986335225,0.004348889121181206
481,0.023614660284325243,0.019467718021343637,0.004146942262981606
482,0.02386776902356713,0.019398323511124027,0.004469445512443104
483,0.023777274903446704,0.019346049731123718,0.004431225172322986
484,0.023708581579447215,0.019528773361454584,0.004179808217992631
485,0.02359355034920145,0.019376035272313633,0.004217515076887817
486,0.023699682032460423,0.019392589082880062,0.004307092949580361
487,0.023471987641593573,0.019384167672650613,0.00408781996894296
488,0.02357277343950372,0.019405360053750393,0.004167413385753327
489,0.023716627295644867,0.01953693200485432,0.004179695290790545
490,0.023503733460359066,0.019458724680944405,0.0040450087794146605
491,0.023689342279939997,0.019455387479138404,0.004233954800801593
492,0.023683101060835373,0.019502215071824716,0.004180885989010657
493,0.02358238073024498,0.01948552293343506,0.004096857796809919
494,0.023727358819987898,0.019349538123978445,0.0043778206960094525
495,0.023661962072697936,0.019352590194122804,0.004309371878575132
496,0.023893013254635484,0.019363511587650303,0.004529501666985181
497,0.023600149388092625,0.019363173723122146,0.0042369756649704785
498,0.023692742613657274,0.019418725927193604,0.004274016686463669
499,0.023690107757808686,0.0194513572658936,0.0042387504919150845
500,0.023675201952240408,0.019418185120346376,0.004257016831894032
501,0.023726409810922156,0.019349491218072237,0.004376918592849919
502,0.02386017387681167,0.019486879962811374,0.004373293914000296
503,0.023685396422858843,0.019427764295110145,0.004257632127748698
504,0.02354641943632233,0.019478696212003904,0.004067723224318427
505,0.023745389387617007,0.019532249590870795,0.004213139796746212
506,0.023569721607726826,0.01934349977266121,0.004226221835065616
507,0.023669993382355026,0.019447165988193665,0.004222827394161362
508,0.023611997623807474,0.01948998636649715,0.004122011257310324
509,0.023693640432993577,0.01951303879941913,0.0041806016335744454
510,0.02377505379556079,0.019376656631811484,0.004398397163749308
511,0.02353411673405648,0.01939234591568033,0.004141770818376151
512,0.02366563284900826,0.019378282579944155,0.004287350269064103
513,0.02379325282559807,0.01937701349820225,0.004416239327395821
514,0.02375310760118313,0.01936377493155035,0.004389332669632779
515,0.023799747239179103,0.0194382831122143,0.004361464126964802
516,0.023577422318490214,0.019379847189471486,0.004197575129018728
517,0.023603178191300114,0.019329814971113177,0.004273363220186937
518,0.023703994805824014,0.019340128302168663,0.004363866503655351
519,0.023618098806695652,0.01935114840518444,0.004266950401511212
520,0.023597843383617166,0.019464453120220607,0.004133390263396559
521,0.02356256385869694,0.01959450181201914,0.003968062046677802
522,0.023614919510961254,0.019381263952322914,0.00423365555863834
523,0.023637916491122426,0.019342075441946882,0.004295841049175544
524,0.023718156204860005,0.019490013516720826,0.004228142688139178
525,0.02366850672045884,0.019400590083755317,0.004267916636703523
526,0.023512699516525848,0.019467766578133105,0.004044932938392743
527,0.023704630270893205,0.019435135566051,0.004269494704842204
528,0.023703853780422564,0.019389740115597,0.004314113664825564
529,0.023622206823981907,0.01946026391642354,0.004161942907558367
530,0.02376885441218624,0.01947651814374491,0.004292336268441329
531,0.023723813576346474,0.01939139617407634,0.0043324174022701355
532,0.023547211010689746,0.01952839841658857,0.004018812594101175
533,0.02366355664783406,0.019361399840892694,0.004302156806941366
534,0.023595581703004763,0.019444051638453985,0.004151530064550778
535,0.02383949452988338,0.01929282086261612,0.00454667366726726
536,0.02365626966770478,0.019356048189290497,0.004300221478414284
537,0.02375049700122404,0.01938617785137513,0.0043643191498489095
538,0.02364828587286422,0.019431303464062796,0.004216982408801424
539,0.023580437450350086,0.01946006771515135,0.004120369735198737
540,0.023719348095162348,0.019295779456968577,0.004423568638193771
541,0.023545935245162252,0.019459800584025314,0.0040861346611369385
542,0.023560490729100173,0.019405302051241566,0.004155188677858607
543,0.023596323150981893,0.019526406592586594,0.0040699165583952986
544,0.023449787424305712,0.019335622501697496,0.0041141649226082155
545,0.023434067580560297,0.01940189761391187,0.004032169966648427
546,0.023594235836881975,0.019215883757703868,0.004378352079178107
547,0.023649887446361602,0.019487659333360118,0.004162228113001484
548,0.02346685372489645,0.019506169063046242,0.003960684661850209
549,0.02355168410574013,0.01937473012397753,0.004176953981762599
550,0.023713663157604863,0.019226308461741816,0.004487354695863047
551,0.023595689672825326,0.01942761763258695,0.004168072040238377
552,0.023403656429841064,0.019531145760420917,0.003872510669420147
553,0.02361867240308457,0.019358556267711404,0.004260116135373165
554,0.023507830703030898,0.01947816238251321,0.004029668320517689
555,0.023610603797245423,0.019348808174705284,0.00426179562254014
556,0.023717083954571193,0.01935005070444879,0.004367033250122401
557,0.023583892318506158,0.01949733506001705,0.004086557258489106
558,0.02373732411328564,0.019413613225380606,0.004323710887905032
559,0.02373558225810857,0.019442294280066063,0.004293287978042508
560,0.023627200317063123,0.019529397677651255,0.004097802639411868
561,0.023672088611054614,0.019525455930338855,0.004146632680715759
562,0.02380271265732091,0.019302394075830127,0.004500318581490782
563,0.02371117176392955,0.01935239118460513,0.004358780579324421
564,0.023677785219145854,0.019508241029634808,0.0041695441895110465
565,0.023618732067523813,0.01936362638742307,0.004255105680100742
566,0.023584665363228993,0.019487839222683857,0.004096826140545136
567,0.023627889341348494,0.019487967774362614,0.00413992156698588
568,0.023724549222109967,0.019358300293270226,0.004366248928839741
569,0.023721142110240886,0.019281351926033925,0.004439790184206961
570,0.023716533625153666,0.019398315074244304,0.004318218550909362
571,0.023637488095589326,0.01932298083737149,0.004314507258217835
572,0.023562221072164644,0.01942087799655993,0.004141343075604712
573,0.023778851686200277,0.019311781505517992,0.004467070180682285
574,0.02375585710828184,0.01955918177467922,0.004196675333602622
575,0.02373766858638039,0.019405382078320543,0.004332286508059845
576,0.023780146035645672,0.019407225934121922,0.00437292010152375
577,0.02367282609068858,0.019305081467255233,0.004367744623433346
578,0.023454808010683312,0.019497613273036417,0.003957194737646896
579,0.023707635779423215,0.0194585719424581,0.004249063836965116
580,0.023518260960033018,0.019355881735873243,0.004162379224159775
581,0.023742087527046398,0.019505096939204204,0.004236990587842195
582,0.02360299013622651,0.019420123955148354,0.004182866181078156
583,0.023780865299122343,0.019319995908712126,0.004460869390410217
584,0.023599308316747527,0.019447293511772337,0.00415201480497519
585,0.023650262266681644,0.01957446116251277,0.004075801104168875
586,0.023706479208769657,0.01947971497261261,0.004226764236157046
587,0.02360654632003128,0.0193961361359485,0.004210410184082778
588,0.023582948095523627,0.01948714691770377,0.004095801177819856
589,0.023833751709694453,0.019465848064216664,0.004367903645477789
590,0.023550483633715983,0.019483282558755158,0.004067201074960825
591,0.023673841570415154,0.019513479230116728,0.004160362340298426
592,0.023615451169354578,0.019488038769352893,0.004127412400001685
593,0.023666649416502025,0.019498836893742953,0.004167812522759072
594,0.023751041802272693,0.019389516684053813,0.004361525118218881
595,0.023642302364097607,0.019431467127173287,0.00421083523692432
596,0.023737336911161602,0.019537870919334586,0.004199465991827016
597,0.02368837524602386,0.019386372122689746,0.0043020031233341124
598,0.02366422841037981,0.019499282747667518,0.004164945662712291
599,0.023764972852413947,0.019361980087719517,0.004402992764694431
600,0.023667008226458605,0.019469906696569936,0.004197101529888669
601,0.023594051752483924,0.01950394349110231,0.004090108261381613
602,0.023628280582538994,0.019397574657586764,0.004230705924952231
603,0.02361696790221976,0.019424315209775337,0.004192652692444423
604,0.023688343118806496,0.01937854631629916,0.004309796802507336
605,0.023578498140858953,0.019337849485737985,0.0042406486551209675
606,0.02384671368920761,0.019338463879706516,0.0045082498095010935
607,0.023672417559415824,0.019442642531998303,0.004229775027417521
608,0.023697595713905978,0.0194638581608046,0.0042337375531013785
609,0.02366316955557432,0.01939808743140721,0.0042650821241671105
610,0.023730775861703027,0.019406821983056065,0.004323953878646963
611,0.023590642316793236,0.01951220341448081,0.004078438902312426
612,0.02376090317982503,0.019403260724907365,0.004357642454917664
613,0.0235921132452329,0.019459812390202544,0.0041323008550303575
614,0.02368751647460299,0.019527490627811436,0.004160025846791555
615,0.023720331203548453,0.019480851735184823,0.00423947946836363
616,0.02364989609725767,0.019377425771880733,0.004272470325376938
617,0.02345186769155059,0.019315073850239766,0.004136793841310823
618,0.023476319602628765,0.019563399337857435,0.00391292026477133
619,0.023576613069687107,0.019348117175934494,0.004228495893752612
620,0.02357129925621176,0.019597564193794423,0.003973735062417338
621,0.023635373832096452,0.01926988775844824,0.004365486073648211
622,0.02368584956929776,0.019394252183637686,0.0042915973856600745
623,0.02365068802392421,0.019412822384252224,0.004237865639671986
624,0.0237218290172365,0.019344416319204492,0.004377412698032008
625,0.02363950507450233,0.019405925304435773,0.004233579770066557
626,0.023674270952980764,0.0194920901640331,0.004182180788947665
627,0.023700550702549443,0.019350854544448515,0.004349696158100928
628,0.023782911111686397,0.019307856774722854,0.004475054336963543
629,0.023551282630066978,0.019399409682400153,0.004151872947666824
630,0.023565789661705222,0.01944541670509569,0.004120372956609532
631,0.02359795345945703,0.019416640291882715,0.0041813131675743145
632,0.023597488875254688,0.019444274148383893,0.004153214726870795
633,0.02371031987221098,0.019480121549084878,0.004230198323126103
634,0.023662265124296478,0.019336564688706648,0.00432570043558983
635,0.02374250839872431,0.019503516938317214,0.004238991460407095
636,0.023712409100507096,0.019368003670381485,0.004344405430125611
637,0.023774530313721055,0.019451550783682343,0.004322979530038712
638,0.023821630672655258,0.019509384020174318,0.0043122466524809396
639,0.02361369450497139,0.019521677448289494,0.004092017056681895
640,0.02362595212687247,0.019332758587942256,0.004293193538930214
641,0.023630240616431066,0.01944940803320771,0.004180832583223357
642,0.02374815154235719,0.019386475014910202,0.004361676527446987
643,0.023694992358064892,0.01934409281868755,0.004350899539377343
644,0.02367484535718863,0.01957519522812786,0.004099650129060769
645,0.023722496444567042,0.019228300699068075,0.0044941957454989676
646,0.023620558922739055,0.019272051470921696,0.004348507451817359
647,0.02368709319696973,0.01934370346927101,0.00434338972769872
648,0.023716975895097376,0.019535999644961267,0.004180976250136109
649,0.02374426812720966,0.01954694898447786,0.0041973191427318
650,0.023760102635659704,0.01941578964451432,0.004344312991145384
651,0.023555302427675156,0.01954002536364962,0.004015277064025536
652,0.02363004325395627,0.019336857057328675,0.004293186196627594
653,0.02378123882712051,0.019455528810520574,0.004325710016599937
654,0.02366837644745046,0.019417715558965525,0.004250660888484935
655,0.023514037616160267,0.01943727267493314,0.004076764941227128
656,0.023538627900610242,0.01942511936601397,0.004113508534596272
657,0.023680059626076735,0.019381351431629047,0.004298708194447689
658,0.023582906377617428,0.019416173915101746,0.004166732462515681
659,0.023700435032070578,0.01948215570945987,0.004218279322610707
660,0.023609272545955507,0.019459807706895167,0.004149464839060341
661,0.02343446469982627,0.01928790254472172,0.004146562155104547
662,0.023529798280595492,0.019436823452429104,0.004092974828166389
663,0.023777718678775782,0.019335760188440305,0.004441958490335476
664,0.023554763489024553,0.019478544160122867,0.004076219328901686
665,0.0235588392058452,0.019346353513331513,0.004212485692513687
666,0.023747949608228916,0.019450414959791797,0.004297534648437119
667,0.023707068244442082,0.019317031099360584,0.004390037145081498
668,0.023745924658431984,0.019423190752721503,0.004322733905710481
669,0.023547906755927026,0.019404757480134923,0.004143149275792103
670,0.023591218595255353,0.019487761202519376,0.004103457392735977
671,0.02350062855494014,0.019287176679879878,0.004213451875060264
672,0.023504006485880805,0.019514256733748448,0.003989749752132357
673,0.023781719496786837,0.019445390552104206,0.004336328944682631
674,0.023596007766344664,0.0192911951331368,0.004304812633207863
675,0.023595423128580113,0.019488135219168735,0.004107287909411377
676,0.023587461076873005,0.019401806515671447,0.004185654561201558
677,0.023613927554426015,0.01951438797480427,0.004099539579621746
678,0.02376550601181261,0.019428362496229822,0.0043371435155827864
679,0.023646307089008948,0.019388307718504746,0.004257999370504202
680,0.02368710389233146,0.019460433668638477,0.004226670223692983
681,0.02357553361221532,0.019312882623716648,0.004262650988498672
682,0.023550961506608712,0.019450580594847746,0.004100380911760966
683,0.023576873144008654,0.019451263659859063,0.004125609484149591
684,0.023679513976691918,0.019356232470436913,0.004323281506255005
685,0.023719147767524918,0.019496070550383826,0.004223077217141092
686,0.02355245067244134,0.019328436619393072,0.004224014053048269
687,0.023755749240195287,0.0194661934042463,0.004289555835948988
688,0.023663035638186145,0.019524663307991172,0.004138372330194973
689,0.023624827614419346,0.019372259705242218,0.004252567909177128
690,0.02377356140354069,0.019433388600478524,0.004340172803062165
691,0.023702514582287955,0.019442480297782772,0.004260034284505183
692,0.023570457366310554,0.019458833083792773,0.004111624282517781
693,0.02366703279725373,0.019376259848206116,0.004290772949047613
694,0.023664023358752267,0.01937717091543349,0.004286852443318778
695,0.023552828982203435,0.019321818757904043,0.004231010224299392
696,0.023667981095804803,0.01939768210479879,0.004270298991006012
697,0.023750039362699475,0.019412779589914348,0.004337259772785127
698,0.023685269452936655,0.019388634224245013,0.004296635228691642
699,0.02350387222394791,0.019468223961109855,0.004035648262838056
700,0.02368937942280134,0.019506021913565895,0.004183357509235444
701,0.023656534071314708,0.01941053970586952,0.0042459943654451875
702,0.02373093553326248,0.019432500264254516,0.004298435269007965
703,0.02353264378529231,0.01953612053265391,0.003996523252638398
704,0.023554774488621397,0.01939846118590089,0.004156313302720507
705,0.023414404291866513,0.0195250301285972,0.0038893741632693123
706,0.023630811157256786,0.019610909043956407,0.004019902113300378
707,0.02356343306147839,0.019435796761042415,0.004127636300435975
708,0.023714514947342925,0.019451171741394335,0.004263343205948591
709,0.023758689697810736,0.01944267449728257,0.004316015200528166
710,0.02360379661170106,0.01959417664485879,0.004009619966842272
711,0.023706667303797155,0.019229319502558524,0.004477347801238631
712,0.023720058512605984,0.01955820940620805,0.004161849106397934
713,0.023707926130966627,0.019404054931402577,0.00430387119956405
714,0.0236609950380482,0.019587374461522283,0.004073620576525917
715,0.023545674721463333,0.019433093284560866,0.004112581436902466
716,0.02362535356210197,0.01951978946134458,0.004105564100757391
717,0.023765515163760836,0.019503019953282224,0.004262495210478612
718,0.023606612395137345,0.01949931416448265,0.0041072982306546955
719,0.023540082222246034,0.019494862811817313,0.0040452194104287215
720,0.02371976101286518,0.019371330025273983,0.004348430987591197
721,0.02380382574184667,0.019450711152502794,0.0043531145893438775
722,0.023647526758837453,0.019409069153478713,0.00423845760535874
723,0.023488299172596306,0.019451543603507947,0.004036755569088359
724,0.023734427969608222,0.019389779927492648,0.0043446480421155745
725,0.023462873753716054,0.019398244446399728,0.004064629307316325
726,0.02367164145324198,0.019332299504829602,0.0043393419484123764
727,0.023696568327612362,0.019269258793751527,0.004427309533860835
728,0.023619184957688374,0.019290085619036616,0.004329099338651759
729,0.023619277397271137,0.01950570076373355,0.004113576633537588
730,0.02369828822726753,0.01935880201305088,0.004339486214216648
731,0.023632154861856592,0.019432526298186828,0.004199628563669764
732,0.023572110088562942,0.019393738083581552,0.00417837200498139
733,0.023544035820673433,0.01950333353316007,0.004040702287513364
734,0.023609516597853455,0.019431124243854323,0.004178392353999132
735,0.023767072005132398,0.01942221283506425,0.004344859170068147
736,0.023647213605304356,0.019439381629125573,0.004207831976178782
737,0.02371622649173799,0.019352981684881768,0.004363244806856223
738,0.023769649211277194,0.019402348859782335,0.004367300351494859
739,0.023660271255626437,0.01940819127565079,0.004252079979975648
740,0.023674591977812808,0.019368058310362608,0.0043065336674502006
741,0.023740629441983817,0.019555319842796053,0.0041853095991877635
742,0.023655616546318616,0.019408302296400212,0.004247314249918404
743,0.02382858424665597,0.019544988752893937,0.004283595493762032
744,0.02361034331963776,0.019407324724130613,0.004203018595507146
745,0.023663232173125538,0.019429307280715135,0.0042339248924104025
746,0.023674406657788038,0.019455300122134315,0.004219106535653723
747,0.023568740213047192,0.01943715101781267,0.004131589195234521
748,0.02366521435526095,0.019443506742670525,0.0042217076125904245
749,0.023562528705104724,0.019401058773202126,0.004161469931902598
750,0.023729101074575477,0.019628405209908002,0.0041006958646674745
751,0.02367731821612585,0.01945197243586558,0.004225345780260268
752,0.023615746622133817,0.019382037504747412,0.004233709117386405
753,0.023683229602856543,0.019332874759779652,0.00435035484307689
754,0.023761707706815613,0.01941670385052087,0.0043450038562947435
755,0.02371306136747202,0.019441649198259865,0.0042714121692121534
756,0.02361243398472757,0.019330905848166755,0.0042815281365608145
757,0.02361719728883745,0.019443841162441102,0.004173356126396348
758,0.023819450517005174,0.019470594072105035,0.004348856444900139
759,0.023655078416688166,0.019388192353251354,0.004266886063436812
760,0.02368102044303537,0.019331836335083237,0.004349184107952132
761,0.023605696127495364,0.01952374161999503,0.004081954507500332
762,0.023588872257262722,0.01944076632725315,0.004148105930009572
763,0.023644396403842617,0.019577809943196904,0.004066586460645713
764,0.02363762919555212,0.01938983503061919,0.004247794164932931
765,0.02365563118679008,0.01942868333829178,0.004226947848498301
766,0.023556596550564756,0.01929557527088533,0.004261021279679426
767,0.023651493085489396,0.01952002195758569,0.004131471127903706
768,0.023763894117017206,0.019473200104456207,0.0042906940125609985
769,0.023773116850042388,0.019583269074607966,0.0041898477754344216
770,0.023644084222931815,0.019411229330513848,0.004232854892417967
771,0.023559473419298385,0.019491263131262832,0.004068210288035553
772,0.02369960497276065,0.0194382684073422,0.004261336565418449
773,0.023517581042103067,0.019431166806183845,0.004086414235919222
774,0.023554125455642467,0.01946581675150014,0.004088308704142327
775,0.023791468008492037,0.019223991565033276,0.00456747644345876
776,0.023717904778511253,0.019450684785708446,0.004267219992802808
777,0.02357546585189274,0.019372243878848693,0.004203221973044048
778,0.02360656632508334,0.019373359990482283,0.0042332063346010584
779,0.023712414519064518,0.019358405506771925,0.004354009012292593
780,0.02355967343468182,0.01940173021291516,0.004157943221766661
781,0.023599892288372087,0.019441426835636596,0.0041584654527354915
782,0.023807056540299864,0.019311216552584495,0.004495839987715369
783,0.023546824777863646,0.019441331395375187,0.004105493382488459
784,0.023572963941103912,0.01943062313911954,0.004142340801984373
785,0.02362195633564817,0.0194217751680559,0.004200181167592267
786,0.023473641759610538,0.01933379331431117,0.004139848445299368
787,0.02372236863242341,0.01953295548028315,0.004189413152140258
788,0.023759565674954995,0.019328248329978082,0.004431317344976912
789,0.023738366125950757,0.019452241756515085,0.004286124369435672
790,0.023595165442658907,0.01928909479106438,0.004306070651594527
791,0.02366970410049453,0.019383212297729442,0.004286491802765087
792,0.02360348525209948,0.01940566547265235,0.00419781977944713
793,0.023700426597067805,0.01955880972673725,0.004141616870330555
794,0.023587979206569645,0.0193782871688402,0.0042096920377294456
795,0.02370815397887823,0.019422161309543096,0.004285992669335135
796,0.023853403489406736,0.01945153887175292,0.004401864617653815
797,0.02370560131081556,0.01947629156937171,0.004229309741443851
798,0.02375610027408172,0.019487144315815625,0.004268955958266096
799,0.023711938009288166,0.019414028954256743,0.004297909055031423
800,0.023665940595549564,0.019422502737394928,0.004243437858154637
801,0.023720954921599143,0.01949818678694905,0.004222768134650095
802,0.023644256892033165,0.019428646777204787,0.0042156101148283776
803,0.02359358256625781,0.01947212545617992,0.00412145711007789
804,0.023593281384643998,0.019367935089100043,0.004225346295543955
805,0.02360585407604324,0.019467564508439204,0.0041382895676040365
806,0.023554984931467352,0.019495789252668275,0.0040591956787990775
807,0.02370855242401561,0.0194356194588561,0.0042729329651595115
808,0.02375281687431779,0.019542932291713045,0.004209884582604746
809,0.02366771874677938,0.019431346816924797,0.004236371929854581
810,0.02361505114895961,0.019480135605531572,0.004134915543428038
811,0.023597326573629188,0.019396398421385668,0.0042009281522435195
812,0.02379727797163353,0.019368078714049983,0.0044291992575835465
813,0.023663724278710482,0.019485247895313192,0.00417847638339729
814,0.023501381564814627,0.019395553393811493,0.004105828171003134
815,0.023746563942204185,0.019363980879565333,0.004382583062638851
816,0.02361310858024463,0.01938582105027219,0.004227287529972441
817,0.023521112842976418,0.019402935086802704,0.0041181777561737146
818,0.02362947974874686,0.019418582359588054,0.0042108973891588075
819,0.023657723874135738,0.01931832056840981,0.004339403305725929
820,0.02365138180832558,0.0194617161850449,0.004189665623280679
821,0.023689989719618266,0.019506829247726613,0.0041831604718916525
822,0.023526380047185505,0.019280364005051797,0.004246016042133708
823,0.023767645487591686,0.01954183886379794,0.004225806623793748
824,0.023611448944540175,0.019365249600673862,0.004246199343866313
825,0.023669283265070878,0.019316542603339478,0.0043527406617314
826,0.02366335976845157,0.01949899211418717,0.004164367654264402
827,0.02362095080579949,0.019525167784569503,0.004095783021229989
828,0.023735984470530474,0.019431457724344597,0.0043045267461858765
829,0.023779590311758952,0.019261379887254085,0.004518210424504867
830,0.023730390863372287,0.019360982914790614,0.004369407948581674
831,0.02365111245414234,0.019505091562945682,0.004146020891196658
832,0.02362189207713138,0.019479747728444456,0.0041421443486869235
833,0.02374190350221868,0.01938774218112429,0.004354161321094393
834,0.023736380896125262,0.019324995427501837,0.004411385468623425
835,0.023520765965115015,0.019361673170165152,0.0041590927949498625
836,0.023630330961931952,0.019433039602176932,0.00419729135975502
837,0.023611213296965024,0.019270500317643824,0.0043407129793212006
838,0.023701372410410856,0.01937524857752621,0.004326123832884648
839,0.02367150878903715,0.01943392202324712,0.00423758676579003
840,0.02369016347247324,0.019361065919313157,0.004329097553160084
841,0.023620368070383008,0.0193135099152786,0.004306858155104409
842,0.023617359615201818,0.019281078090096566,0.004336281525105252
843,0.02366330517473111,0.019297222920693864,0.004366082254037246
844,0.023692872205978707,0.019425871388116522,0.004267000817862184
845,0.023707943715103034,0.019502874541443265,0.004205069173659769
846,0.0236193891007973,0.019450662664902595,0.004168726435894703
847,0.02354380415440287,0.01940668211241927,0.004137122041983601
848,0.023747563622642444,0.019381113902925195,0.004366449719717249
849,0.023581554361539643,0.019492475780501596,0.004089078581038047
850,0.023802166238568203,0.019483734616308118,0.004318431622260085
851,0.02388514688442327,0.019374515917472742,0.004510630966950528
852,0.02369423543604022,0.01941160048367695,0.0042826349523632685
853,0.023794175615920884,0.019351537060689903,0.0044426385552309815
854,0.023546453130465127,0.019223908430845933,0.0043225446996191935
855,0.02381671545684279,0.01937770203652202,0.00443901342032077
856,0.02371618512891791,0.019358934363129243,0.004357250765788665
857,0.023820644508570587,0.019380130269470625,0.004440514239099962
858,0.023787738599569105,0.019416568051828453,0.004371170547740652
859,0.02368667471381555,0.019486882180018122,0.004199792533797427
860,0.02360901138703175,0.01947828493104559,0.00413072645598616
861,0.023700812355568316,0.019436058851476118,0.004264753504092198
862,0.023596385281486908,0.019345892020622098,0.00425049326086481
863,0.023594687961237933,0.01942023534348507,0.004174452617752861
864,0.023653085548098182,0.019443082074938584,0.004210003473159599
865,0.023781131359644304,0.01941001560149713,0.004371115758147175
866,0.02381550941708103,0.01943609915163223,0.004379410265448802
867,0.02360830328863496,0.019329853910832504,0.004278449377802456
868,0.02362425848237848,0.019432554412789328,0.004191704069589151
869,0.023679590083706785,0.01938251630709171,0.004297073776615076
870,0.023663589488739534,0.019421986141259683,0.0042416033474798505
871,0.023648973792685095,0.01936363087960717,0.004285342913077923
872,0.02369810243735513,0.019449222183689153,0.004248880253665977
873,0.02369681124505278,0.01942543201603941,0.0042713792290133695
874,0.023739186700230078,0.019413727921836346,0.004325458778393732
875,0.02360650921497438,0.019474141394731123,0.004132367820243257
876,0.02359073564947881,0.019375786937734892,0.004214948711743917
877,0.023628979472909643,0.01964494177616165,0.003984037696747992
878,0.023566421900540455,0.019458803587718634,0.004107618312821821
879,0.023571029636746326,0.019340099040884958,0.004230930595861368
880,0.023735026344125443,0.019348091892126124,0.0043869344519993185
881,0.023525645944780064,0.019332298731289926,0.004193347213490139
882,0.02359440733478635,0.019390129113499847,0.004204278221286502
883,0.023704373679003483,0.019478431291698343,0.004225942387305139
884,0.023745053270501172,0.019391647545361126,0.004353405725140046
885,0.023629123116095902,0.0193351938636997,0.004293929252396203
886,0.023480840966981067,0.01963476549433645,0.0038460754726446188
887,0.023632110126603368,0.01933456800235015,0.004297542124253217
888,0.023455315786864793,0.01939477667527526,0.004060539111589535
889,0.023733689680558515,0.019640901985313708,0.004092787695244807
890,0.02354170226447515,0.019333596076003653,0.0042081061884714985
891,0.023680833046616636,0.019458189600009185,0.0042226434466074506
892,0.023806679940638044,0.019554577155902152,0.0042521027847358915
893,0.023607495080679143,0.019542242149846567,0.004065252930832576
894,0.023685900488432006,0.01952067969003648,0.0041652207983955275
895,0.02368768975109637,0.019480639692670672,0.004207050058425699
896,0.023725714232103543,0.019446219430478404,0.0042794948016251395
897,0.023497184004878394,0.019388469739006355,0.004108714265872039
898,0.023542825081753524,0.01941278501095197,0.004130040070801554
899,0.02366446572731129,0.019318406219310746,0.004346059508000544
900,0.02355211614961721,0.01948605262104137,0.004066063528575838
901,0.023500204787265475,0.019299248316934567,0.004200956470330908
902,0.02363945069652979,0.01939726427695102,0.004242186419578773
903,0.02346493928429704,0.01942892350067807,0.004036015783618972
904,0.0236196739539339,0.019398751658384457,0.0042209222955494445
905,0.023681375031958416,0.019347707653838236,0.00433366737812018
906,0.023605576665336907,0.01938790568112886,0.004217670984208048
907,0.023864532750617708,0.01928102432313129,0.004583508427486418
908,0.02368948335037774,0.019472704760524,0.004216778589853743
909,0.023666747558128053,0.019431949447101547,0.004234798111026505
910,0.023561848608922974,0.01941791984875842,0.004143928760164554
911,0.02356319659165997,0.019485142792352337,0.004078053799307632
912,0.023629336719470168,0.019500863175681112,0.004128473543789056
913,0.02357352593058061,0.019457362723635116,0.0041161632069454945
914,0.023649563280313,0.019426734391595098,0.004222828888717903
915,0.023761443322096943,0.019603137735690904,0.004158305586406039
916,0.023660208124005617,0.01949895263129401,0.004161255492711607
917,0.023682385071844614,0.019543294918299266,0.004139090153545348
918,0.023789947484712404,0.019373194933269288,0.004416752551443116
919,0.02353015555874731,0.019391940977911564,0.004138214580835745
920,0.023628025165371724,0.019440563159975267,0.004187462005396457
921,0.0236786039410594,0.019380064718774435,0.004298539222284965
922,0.02362476557880588,0.01928201157907444,0.004342753999731441
923,0.023853254994408157,0.01944497668516074,0.0044082783092474175
924,0.023674971026630597,0.019587672437621457,0.00408729858900914
925,0.023716820432368713,0.019356699681743195,0.004360120750625519
926,0.023770019025453504,0.019407271105312845,0.004362747920140658
927,0.023682389129882127,0.019597291015058353,0.004085098114823774
928,0.02358472660899328,0.019359303982247895,0.004225422626745384
929,0.023596943871445692,0.019367231393106223,0.004229712478339469
930,0.023644638992220104,0.019397216216392503,0.004247422775827601
931,0.02361590304999818,0.019352838882616526,0.004263064167381654
932,0.023541955835560232,0.0195499457507959,0.003992010084764332
933,0.02356040612427087,0.019452355230825863,0.0041080508934450075
934,0.023585172643461653,0.019561100556946785,0.004024072086514868
935,0.023703331235914376,0.01943084746367352,0.004272483772240855
936,0.023643494708509207,0.01948489482648775,0.004158599882021458
937,0.0236112555665647,0.019457341273612032,0.004153914292952667
938,0.023749935289678784,0.01941109213020687,0.004338843159471913
939,0.023586961952417836,0.019499658499701405,0.004087303452716431
940,0.023693105066753307,0.019442550083800227,0.00425055498295308
941,0.02342129506888756,0.0193968594825389,0.00402443558634866
942,0.023579495999933017,0.019433527428929048,0.00414596857100397
943,0.02360282258395906,0.019387461896751272,0.0042153606872077885
944,0.023640361452315052,0.019461579447338978,0.004178782004976074
945,0.023643617865495882,0.019283562200247756,0.0043600556652481255
946,0.023710962262945202,0.019172598807064622,0.00453836345588058
947,0.0236382230481859,0.01932330946388495,0.004314913584300948
948,0.023704976874478367,0.01942974741081886,0.0042752294636595085
949,0.02373951036271984,0.01940483774819895,0.00433467261452089
950,0.02369893555844765,0.019509229431998905,0.004189706126448745
951,0.02355566631044963,0.019246818315126958,0.004308847995322673
952,0.023595745141265154,0.019418325233662683,0.0041774199076024705
953,0.02356335719169388,0.019374970709889045,0.004188386481804834
954,0.02359863469980805,0.019485672404982765,0.0041129622948252835
955,0.02369121051375096,0.01945196049958639,0.004239250014164569
956,0.023740053358886765,0.019281345319923295,0.00445870803896347
957,0.023712771982992476,0.019347091166966313,0.0043656808160261636
958,0.02371581494724142,0.019435382303190838,0.004280432644050581
959,0.023490994608684448,0.019258016071333376,0.004232978537351072
960,0.02357646482515886,0.0194660156731982,0.0041104491519606615
961,0.023652269048612975,0.01948397332735459,0.004168295721258385
962,0.02370547942765597,0.019527674229992957,0.004177805197663014
963,0.02357191314463018,0.019429026755131626,0.004142886389498553
964,0.023625325684120277,0.019385465335086293,0.004239860349033984
965,0.02370765118308764,0.019268696650610553,0.004438954532477085
966,0.023695504108698383,0.019274670057594038,0.004420834051104345
967,0.023666325212482395,0.019544406087626465,0.004121919124855929
968,0.023731509847187776,0.019339951100602812,0.004391558746584964
969,0.023645232258070834,0.019354063238345664,0.00429116901972517
970,0.023549616404889503,0.019370634438399502,0.004178981966490001
971,0.02366145423714741,0.019389318735733248,0.0042721355014141635
972,0.023732947692505196,0.01950792678710881,0.004225020905396386
973,0.023625408948825977,0.019450775290242184,0.004174633658583792
974,0.023646014354726456,0.019390906838236556,0.0042551075164899005
975,0.023612610640144277,0.019451463349865212,0.004161147290279065
976,0.023601468222678394,0.01929984017878122,0.004301628043897172
977,0.02361002558602251,0.019343006089729713,0.004267019496292799
978,0.02371527032137233,0.019457261362354684,0.004258008959017647
979,0.02366241252199548,0.019398089359038768,0.004264323162956711
980,0.023709332032309977,0.01935225434178883,0.004357077690521148
981,0.023564117071583842,0.019431796471883617,0.004132320599700225
982,0.023679856005013725,0.019297113765819298,0.004382742239194427
983,0.02362895344440651,0.0193880368471168,0.004240916597289708
984,0.02373060310709895,0.01953727019335928,0.004193332913739672
985,0.023586686580187477,0.01957857048919339,0.004008116090994086
986,0.02365388255229837,0.01943001602301972,0.004223866529278652
987,0.0236384139461934,0.019330910474045258,0.004307503472148141
988,0.02362461501767929,0.01944867472955149,0.004175940288127799
989,0.02367107974591639,0.019271707852527867,0.004399371893388522
990,0.023828481618612268,0.019302813650572192,0.004525667968040076
991,0.023703904094284866,0.019373230079434707,0.004330674014850159
992,0.023635453718097957,0.0194981471545203,0.004137306563577657
993,0.023697033199545976,0.019481741537767994,0.004215291661777983
994,0.02376305091012257,0.019464103140716914,0.004298947769405655
995,0.02356867324913839,0.019358484087079898,0.004210189162058491
996,0.023630083006772,0.019481565919847548,0.004148517086924451
997,0.02366764632158357,0.01947220594948146,0.004195440372102108
998,0.02364429269077556,0.019463183505499533,0.004181109185276026
999,0.023710167832266878,0.01957847068287453,0.004131697149392349
1000,0.02349795810560351,0.019507861619725213,0.003990096485878298
